Tumor_Sample_Barcode	NCBI_Build	Hugo_Symbol	Transcript_ID	HGVSp_Short	HGVSp	Chromosome	Start_Position	End_Position	Reference_Allele	Tumor_Seq_Allele1	Tumor_Seq_Allele2	Variant_Classification	Variant_Type	t_alt_count	t_ref_count	VAF	ANNOTATED	GENE_IN_ONCOKB	VARIANT_IN_ONCOKB	MUTATION_EFFECT	MUTATION_EFFECT_CITATIONS	ONCOGENIC	LEVEL_1	LEVEL_2	LEVEL_3A	LEVEL_3B	LEVEL_4	LEVEL_R1	LEVEL_R2	HIGHEST_LEVEL	HIGHEST_SENSITIVE_LEVEL	HIGHEST_RESISTANCE_LEVEL	TX_CITATIONS	LEVEL_Dx1	LEVEL_Dx2	LEVEL_Dx3	HIGHEST_DX_LEVEL	DX_CITATIONS	LEVEL_Px1	LEVEL_Px2	LEVEL_Px3	HIGHEST_PX_LEVEL	PX_CITATIONS
BS_ZCY4ECNV	GRCh38	H3F3A	ENST00000366813	p.K28M	p.Lys28Met	chr1	226064434	226064434	A	A	T	Missense_Mutation	SNP	29	41	0.4142857142857143	True	True	True	Likely Gain-of-function	22286061;26619011;21685365	Likely Oncogenic																					
BS_ZCY4ECNV	GRCh38	TERT	ENST00000310581			chr5	1292527	1292528	-	-	A	Intron	INS	36	36	0.5	True	True	False	Unknown		Unknown																					
BS_ZCY4ECNV	GRCh38	TERT	ENST00000310581			chr5	1292528	1292528	T	T	AA	Intron	INS	20	23	0.46511627906976744	True	True	False	Unknown		Unknown																					
BS_ZCY4ECNV	GRCh38	MLH3	ENST00000355774			chr14	75014984	75014984	G	G	A	3'UTR	SNP	41	9	0.82	True	False	False	Unknown		Unknown																					
BS_ZCY4ECNV	GRCh38	TP53	ENST00000269305	p.I195T	p.Ile195Thr	chr17	7674947	7674947	A	A	G	Missense_Mutation	SNP	71	3	0.9594594594594594	True	True	True	Likely Loss-of-function	8023157;11900253;12700230	Likely Oncogenic																	AMLMRC,AML,TMN,CLLSLL,MDS,ET,MPN,PMF		MCL	LEVEL_Px1	25412851;25860933;22186996;18596741;25412846;25952993;23243274;24004666;20697090;19188171;24652989;21714648;25092778;24220272;24478400;29296692;22887079;25516983;22052707;8639789;7579380;28819011;24684350;26022239
BS_ZCY4ECNV	GRCh38	TP53	ENST00000269305	p.X32_splice		chr17	7675978	7676341	CCTCAGGGCAACTGACCGTGCAAGTCACAGACTTGGCTGTCCCAGAATGCAAGAAGCCCAGACGGAAACCGTAGCTGCCCTGGTAGGTTTTCTGGGAAGGGACAGAAGATGACAGGGGCCAGGAGGGGGCTGGTGCAGGGGCCGCCGGTGTAGGAGCTGCTGGTGCAGGGGCCACGGGGGGAGCAGCCTCTGGCATTCTGGGAGCTTCATCTGGACCTGGGTCTTCAGTGAACCATTGTTCAATATCGTCCGGGGACAGCATCAAATCATCCATTGCTTGGGACGGCAAGGGGGACTGTAGATGGGTGAAAAGAGCAGTCAGAGGACCAGGTCCTCAGCCCCCCAGCCCCCCAGCCCTCCAGGT	CCTCAGGGCAACTGACCGTGCAAGTCACAGACTTGGCTGTCCCAGAATGCAAGAAGCCCAGACGGAAACCGTAGCTGCCCTGGTAGGTTTTCTGGGAAGGGACAGAAGATGACAGGGGCCAGGAGGGGGCTGGTGCAGGGGCCGCCGGTGTAGGAGCTGCTGGTGCAGGGGCCACGGGGGGAGCAGCCTCTGGCATTCTGGGAGCTTCATCTGGACCTGGGTCTTCAGTGAACCATTGTTCAATATCGTCCGGGGACAGCATCAAATCATCCATTGCTTGGGACGGCAAGGGGGACTGTAGATGGGTGAAAAGAGCAGTCAGAGGACCAGGTCCTCAGCCCCCCAGCCCCCCAGCCCTCCAGGT	-	Splice_Site	DEL	6	64	0.08571428571428572	True	True	False	Likely Loss-of-function	19336573;27759562;16007150;11753428;11900253;21467160	Likely Oncogenic																	AMLMRC,AML,TMN,CLLSLL,MDS,ET,MPN,PMF		MCL	LEVEL_Px1	25412851;25860933;22186996;18596741;25412846;25952993;23243274;24004666;20697090;19188171;24652989;21714648;25092778;24220272;24478400;29296692;22887079;25516983;22052707;8639789;7579380;28819011;24684350;26022239
BS_ZCY4ECNV	GRCh38	ATRX	ENST00000373344			chrX	77554512	77554512	C	C	A	Intron	SNP	37	49	0.43023255813953487	True	True	False	Unknown		Unknown																					
BS_ZCY4ECNV	GRCh38	ATRX	ENST00000373344			chrX	77569042	77569042	A	A	G	Intron	SNP	37	47	0.44047619047619047	True	True	False	Unknown		Unknown																					
BS_ZCY4ECNV	GRCh38	ATRX	ENST00000373344			chrX	77576709	77576709	T	T	A	Intron	SNP	41	31	0.5694444444444444	True	True	False	Unknown		Unknown																					
BS_ZCY4ECNV	GRCh38	ATRX	ENST00000373344			chrX	77627247	77627247	A	A	T	Intron	SNP	41	53	0.43617021276595747	True	True	False	Unknown		Unknown																					
BS_ZCY4ECNV	GRCh38	ATRX	ENST00000373344			chrX	77657349	77657349	A	A	C	Intron	SNP	9	59	0.1323529411764706	True	True	False	Unknown		Unknown																					
BS_ZCY4ECNV	GRCh38	ATRX	ENST00000373344			chrX	77725106	77725106	G	G	T	Intron	SNP	27	35	0.43548387096774194	True	True	False	Unknown		Unknown																					
BS_YHXMYDBN	GRCh38	H3F3A	ENST00000366813	p.K28M	p.Lys28Met	chr1	226064434	226064434	A	A	T	Missense_Mutation	SNP	78	68	0.5342465753424658	True	True	True	Likely Gain-of-function	22286061;26619011;21685365	Likely Oncogenic																					
BS_YHXMYDBN	GRCh38	PMS2	ENST00000265849			chr7	5973291	5973291	T	T	C	3'UTR	SNP	24	45	0.34782608695652173	True	True	False	Unknown		Unknown																					
BS_YHXMYDBN	GRCh38	ATRX	ENST00000373344			chrX	77622480	77622480	G	G	C	Intron	SNP	32	80	0.2857142857142857	True	True	False	Unknown		Unknown																					
BS_YHXMYDBN	GRCh38	ATRX	ENST00000373344			chrX	77744194	77744194	G	G	A	Intron	SNP	40	55	0.42105263157894735	True	True	False	Unknown		Unknown																					
BS_YB99Q6TN	GRCh38	H3F3A	ENST00000366813	p.K28M	p.Lys28Met	chr1	226064434	226064434	A	A	T	Missense_Mutation	SNP	23	56	0.2911392405063291	True	True	True	Likely Gain-of-function	22286061;26619011;21685365	Likely Oncogenic																					
BS_XGVSX8BX	GRCh38	ATRX	ENST00000373344			chrX	77528581	77528581	A	A	G	Intron	SNP	17	62	0.21518987341772153	True	True	False	Unknown		Unknown																					
BS_XGVSX8BX	GRCh38	ATRX	ENST00000373344			chrX	77546121	77546121	G	G	A	Intron	SNP	27	56	0.3253012048192771	True	True	False	Unknown		Unknown																					
BS_KYPMZZSY	GRCh38	H3F3A	ENST00000366813	p.K28M	p.Lys28Met	chr1	226064434	226064434	A	A	T	Missense_Mutation	SNP	34	55	0.38202247191011235	True	True	True	Likely Gain-of-function	22286061;26619011;21685365	Likely Oncogenic																					
BS_KYPMZZSY	GRCh38	POLD3	ENST00000528481			chr11	74559447	74559450	TATT	TATT	-	Intron	DEL	7	91	0.07142857142857142	True	False	False	Unknown		Unknown																					
BS_KYPMZZSY	GRCh38	RFC3	ENST00000434425			chr13	33925252	33925253	AC	AC	-	Intron	DEL	14	27	0.34146341463414637	True	False	False	Unknown		Unknown																					
BS_KYPMZZSY	GRCh38	TP53	ENST00000269305	p.R158G	p.Arg158Gly	chr17	7675140	7675140	G	G	C	Missense_Mutation	SNP	69	14	0.8313253012048193	True	True	True	Likely Loss-of-function	17947339	Likely Oncogenic																	AMLMRC,AML,TMN,CLLSLL,MDS,ET,MPN,PMF		MCL	LEVEL_Px1	25412851;25860933;22186996;18596741;25412846;25952993;23243274;24004666;20697090;19188171;24652989;21714648;25092778;24220272;24478400;29296692;22887079;25516983;22052707;8639789;7579380;28819011;24684350;26022239
BS_KYPMZZSY	GRCh38	ATRX	ENST00000373344			chrX	77636504	77636504	C	C	T	Intron	SNP	3	3	0.5	True	True	False	Unknown		Unknown																					
BS_W2QCHQ7E	GRCh38	TP53	ENST00000269305	p.R342P	p.Arg342Pro	chr17	7670684	7670684	C	C	G	Missense_Mutation	SNP	41	49	0.45555555555555555	True	True	True	Loss-of-function	19454241;20978130	Likely Oncogenic																	AMLMRC,AML,TMN,CLLSLL,MDS,ET,MPN,PMF		MCL	LEVEL_Px1	25412851;25860933;22186996;18596741;25412846;25952993;23243274;24004666;20697090;19188171;24652989;21714648;25092778;24220272;24478400;29296692;22887079;25516983;22052707;8639789;7579380;28819011;24684350;26022239
BS_W2QCHQ7E	GRCh38	TP53	ENST00000269305	p.P72Lfs*48	p.Pro72LeufsTer48	chr17	7676145	7676154	GGGGCCACGG	GGGGCCACGG	-	Frame_Shift_Del	DEL	35	36	0.49295774647887325	True	True	False	Likely Loss-of-function	19336573;27759562;16007150;11753428;11900253;21467160	Likely Oncogenic																	AMLMRC,AML,TMN,CLLSLL,MDS,ET,MPN,PMF		MCL	LEVEL_Px1	25412851;25860933;22186996;18596741;25412846;25952993;23243274;24004666;20697090;19188171;24652989;21714648;25092778;24220272;24478400;29296692;22887079;25516983;22052707;8639789;7579380;28819011;24684350;26022239
BS_FK3B5SDH	GRCh38	H3F3A	ENST00000366813	p.K28M	p.Lys28Met	chr1	226064434	226064434	A	A	T	Missense_Mutation	SNP	12	68	0.15	True	True	True	Likely Gain-of-function	22286061;26619011;21685365	Likely Oncogenic																					
BS_FK3B5SDH	GRCh38	TP53	ENST00000269305	p.L265P	p.Leu265Pro	chr17	7673826	7673826	A	A	G	Missense_Mutation	SNP	4	56	0.06666666666666667	True	True	True	Likely Loss-of-function	8023157;11900253	Likely Oncogenic																	AMLMRC,AML,TMN,CLLSLL,MDS,ET,MPN,PMF		MCL	LEVEL_Px1	25412851;25860933;22186996;18596741;25412846;25952993;23243274;24004666;20697090;19188171;24652989;21714648;25092778;24220272;24478400;29296692;22887079;25516983;22052707;8639789;7579380;28819011;24684350;26022239
BS_FK3B5SDH	GRCh38	ATRX	ENST00000373344			chrX	77790922	77790923	AT	AT	-	5'Flank	DEL	8	20	0.2857142857142857	True	True	False	Unknown		Unknown																					
BS_EP25TTAG	GRCh38	SSBP1	ENST00000481508			chr7	141735167	141735167	C	C	T	5'Flank	SNP	35	55	0.3888888888888889	True	False	False	Unknown		Unknown																					
BS_EP25TTAG	GRCh38	TP53	ENST00000269305	p.R213L	p.Arg213Leu	chr17	7674893	7674893	C	C	A	Missense_Mutation	SNP	92	3	0.968421052631579	True	True	True	Likely Loss-of-function	10871862	Likely Oncogenic																	AMLMRC,AML,TMN,CLLSLL,MDS,ET,MPN,PMF		MCL	LEVEL_Px1	25412851;25860933;22186996;18596741;25412846;25952993;23243274;24004666;20697090;19188171;24652989;21714648;25092778;24220272;24478400;29296692;22887079;25516983;22052707;8639789;7579380;28819011;24684350;26022239
BS_EP25TTAG	GRCh38	ATRX	ENST00000373344	p.X2169_splice		chrX	77557646	77557646	C	C	T	Splice_Site	SNP	48	0	1	True	True	False	Likely Loss-of-function	21719641;8968741;24148618;15591283;14592816;18409179;17609377	Likely Oncogenic																					
BS_P4K6WK9Y	GRCh38	H3F3A	ENST00000366813	p.K28M	p.Lys28Met	chr1	226064434	226064434	A	A	T	Missense_Mutation	SNP	18	46	0.28125	True	True	True	Likely Gain-of-function	22286061;26619011;21685365	Likely Oncogenic																					
BS_P4K6WK9Y	GRCh38	TERT	ENST00000310581			chr5	1289732	1289732	C	C	A	Intron	SNP	7	32	0.1794871794871795	True	True	False	Unknown		Unknown																					
BS_P4K6WK9Y	GRCh38	PMS2	ENST00000265849			chr7	6004978	6004978	C	C	T	Intron	SNP	8	61	0.11594202898550725	True	True	False	Unknown		Unknown																					
BS_P4K6WK9Y	GRCh38	RFC3	ENST00000380071			chr13	33835434	33835448	GTGTGAAAAGGAGAA	GTGTGAAAAGGAGAA	-	Intron	DEL	5	38	0.11627906976744186	True	False	False	Unknown		Unknown																					
BS_P4K6WK9Y	GRCh38	TP53	ENST00000269305	p.R273H	p.Arg273His	chr17	7673802	7673802	C	C	T	Missense_Mutation	SNP	25	16	0.6097560975609756	True	True	True	Loss-of-function	31776133;25584008;26181206;15037740	Oncogenic																	AMLMRC,AML,TMN,CLLSLL,MDS,ET,MPN,PMF		MCL	LEVEL_Px1	25412851;25860933;22186996;18596741;25412846;25952993;23243274;24004666;20697090;19188171;24652989;21714648;25092778;24220272;24478400;29296692;22887079;25516983;22052707;8639789;7579380;28819011;24684350;26022239
BS_CBMAWSAR	GRCh38	RFC4	ENST00000392481			chr3	186807898	186807898	C	C	T	5'Flank	SNP	29	61	0.32222222222222224	True	False	False	Unknown		Unknown																					
BS_CBMAWSAR	GRCh38	TERT	ENST00000310581			chr5	1248447	1248447	A	A	G	3'Flank	SNP	10	135	0.06896551724137931	True	True	False	Unknown		Unknown																					
BS_CBMAWSAR	GRCh38	MSH3	ENST00000265081			chr5	80824731	80824731	T	T	C	Intron	SNP	16	97	0.1415929203539823	True	True	False	Unknown		Unknown																					
BS_CBMAWSAR	GRCh38	POLE	ENST00000320574			chr12	132644687	132644687	C	C	G	Intron	SNP	14	90	0.1346153846153846	True	True	False	Unknown		Unknown																					
BS_CBMAWSAR	GRCh38	TP53	ENST00000269305	p.R248Q	p.Arg248Gln	chr17	7674220	7674220	C	C	T	Missense_Mutation	SNP	33	35	0.4852941176470588	True	True	True	Likely Loss-of-function	24814347;16778209;21445056	Likely Oncogenic																	AMLMRC,AML,TMN,CLLSLL,MDS,ET,MPN,PMF		MCL	LEVEL_Px1	25412851;25860933;22186996;18596741;25412846;25952993;23243274;24004666;20697090;19188171;24652989;21714648;25092778;24220272;24478400;29296692;22887079;25516983;22052707;8639789;7579380;28819011;24684350;26022239
BS_T7WMJ08W	GRCh38	H3F3A	ENST00000366813	p.K28M	p.Lys28Met	chr1	226064434	226064434	A	A	T	Missense_Mutation	SNP	28	39	0.417910447761194	True	True	True	Likely Gain-of-function	22286061;26619011;21685365	Likely Oncogenic																					
BS_T7WMJ08W	GRCh38	TERT	ENST00000310581			chr5	1295113	1295113	G	G	A	5'Flank	SNP	30	37	0.44776119402985076	True	True	True	Gain-of-function	24657534;25048572;23530248;23348506;23348503;23887589	Oncogenic																					
BS_T7WMJ08W	GRCh38	POLE	ENST00000320574			chr12	132669678	132669678	G	G	A	Intron	SNP	33	44	0.42857142857142855	True	True	False	Unknown		Unknown																					
BS_T7WMJ08W	GRCh38	NF1	ENST00000358273	p.X355_splice		chr17	31201036	31201036	G	G	A	Splice_Site	SNP	40	36	0.5263157894736842	True	True	False	Likely Loss-of-function	31548343;8052307;19573811;26345759;8563751;23913538;7542586;7655472;24576830;10862084;23047742;10543400;12509763;14722914;31591187	Likely Oncogenic	Selumetinib				Trametinib,Cobimetinib			LEVEL_1	LEVEL_1		28029918;32187457;31151904;24576830;26936308;24535670;Romo et al. Abstract# e13562, ASCO 2019(https://ascopubs.org/doi/abs/10.1200/JCO.2019.37.15_suppl.e13562)		CMML,JMML		LEVEL_Dx2	18925961;23832011;14644997;25691160;26457647;9639526					
BS_T7WMJ08W	GRCh38	NF1	ENST00000358273	p.R1870Q	p.Arg1870Gln	chr17	31327839	31327839	G	G	A	Missense_Mutation	SNP	40	50	0.4444444444444444	True	True	False	Unknown		Likely Oncogenic	Selumetinib				Trametinib,Cobimetinib			LEVEL_1	LEVEL_1		28029918;32187457;31151904;24576830;26936308;24535670;Romo et al. Abstract# e13562, ASCO 2019(https://ascopubs.org/doi/abs/10.1200/JCO.2019.37.15_suppl.e13562)		CMML,JMML		LEVEL_Dx2	18925961;23832011;14644997;25691160;26457647;9639526					
BS_JB3J82ZK	GRCh38	MSH6	ENST00000234420	p.P44=	p.Pro44=	chr2	47783365	47783365	A	A	C	Silent	SNP	7	52	0.11864406779661017	True	True	False	Unknown		Unknown																					
BS_JB3J82ZK	GRCh38	TERT	ENST00000310581			chr5	1257401	1257401	C	C	A	Intron	SNP	16	36	0.3076923076923077	True	True	False	Unknown		Unknown																					
BS_JB3J82ZK	GRCh38	RFC2	ENST00000055077			chr7	74238568	74238568	A	A	T	Intron	SNP	6	35	0.14634146341463414	True	False	False	Unknown		Unknown																					
BS_JB3J82ZK	GRCh38	POLD4	ENST00000312419			chr11	67350595	67350596	CA	CA	TG	3'Flank	DNP	4	33	0.10810810810810811	True	False	False	Unknown		Unknown																					
BS_JB3J82ZK	GRCh38	TP53	ENST00000269305	p.V173L	p.Val173Leu	chr17	7675095	7675096	CA	CA	AC	Missense_Mutation	DNP	73	7	0.9125	True	True	True	Loss-of-function	15037740	Likely Oncogenic																	AMLMRC,AML,TMN,CLLSLL,MDS,ET,MPN,PMF		MCL	LEVEL_Px1	25412851;25860933;22186996;18596741;25412846;25952993;23243274;24004666;20697090;19188171;24652989;21714648;25092778;24220272;24478400;29296692;22887079;25516983;22052707;8639789;7579380;28819011;24684350;26022239
BS_JB3J82ZK	GRCh38	NF1	ENST00000358273	p.F1247Ifs*18	p.Phe1247IlefsTer18	chr17	31235639	31235642	TGTT	TGTT	-	Frame_Shift_Del	DEL	59	16	0.7866666666666666	True	True	False	Likely Loss-of-function	31548343;8052307;19573811;26345759;8563751;23913538;7542586;7655472;24576830;10862084;23047742;10543400;12509763;14722914;31591187	Likely Oncogenic	Selumetinib				Trametinib,Cobimetinib			LEVEL_1	LEVEL_1		28029918;32187457;31151904;24576830;26936308;24535670;Romo et al. Abstract# e13562, ASCO 2019(https://ascopubs.org/doi/abs/10.1200/JCO.2019.37.15_suppl.e13562)		CMML,JMML		LEVEL_Dx2	18925961;23832011;14644997;25691160;26457647;9639526					
BS_JB3J82ZK	GRCh38	ATRX	ENST00000373344			chrX	77618072	77618073	-	-	A	Intron	INS	29	8	0.7837837837837838	True	True	False	Unknown		Unknown																					
BS_JB3J82ZK	GRCh38	ATRX	ENST00000373344			chrX	77644719	77644720	-	-	A	Intron	INS	9	28	0.24324324324324326	True	True	False	Unknown		Unknown																					
BS_1S5V7WWC	GRCh38	H3F3A	ENST00000366813	p.K28M	p.Lys28Met	chr1	226064434	226064434	A	A	T	Missense_Mutation	SNP	66	42	0.6111111111111112	True	True	True	Likely Gain-of-function	22286061;26619011;21685365	Likely Oncogenic																					
BS_1S5V7WWC	GRCh38	RPA3	ENST00000223129			chr7	7679712	7679713	AT	AT	-	Intron	DEL	10	38	0.20833333333333334	True	False	False	Unknown		Unknown																					
BS_1S5V7WWC	GRCh38	POLD3	ENST00000528481			chr11	74535546	74535546	C	C	T	Intron	SNP	42	48	0.4666666666666667	True	False	False	Unknown		Unknown																					
BS_1S5V7WWC	GRCh38	NF1	ENST00000358273			chr17	31137793	31137794	-	-	A	Intron	INS	41	39	0.5125	True	True	False	Unknown		Unknown																					
BS_1S5V7WWC	GRCh38	POLD1	ENST00000613923			chr19	50389987	50389987	C	C	A	Intron	SNP	22	32	0.4074074074074074	True	True	False	Unknown		Unknown																					
BS_3E5C1PN1	GRCh38	H3F3A	ENST00000366813	p.K28M	p.Lys28Met	chr1	226064434	226064434	A	A	T	Missense_Mutation	SNP	26	45	0.36619718309859156	True	True	True	Likely Gain-of-function	22286061;26619011;21685365	Likely Oncogenic																					
BS_3E5C1PN1	GRCh38	TP53	ENST00000269305	p.C242Y	p.Cys242Tyr	chr17	7674238	7674238	C	C	T	Missense_Mutation	SNP	63	24	0.7241379310344828	True	True	True	Loss-of-function	20407015	Likely Oncogenic																	AMLMRC,AML,TMN,CLLSLL,MDS,ET,MPN,PMF		MCL	LEVEL_Px1	25412851;25860933;22186996;18596741;25412846;25952993;23243274;24004666;20697090;19188171;24652989;21714648;25092778;24220272;24478400;29296692;22887079;25516983;22052707;8639789;7579380;28819011;24684350;26022239
BS_3E5C1PN1	GRCh38	ATRX	ENST00000373344	p.R1742G	p.Arg1742Gly	chrX	77620443	77620443	T	T	C	Missense_Mutation	SNP	51	11	0.8225806451612904	True	True	False	Unknown		Unknown																					
BS_P8WN8XEQ	GRCh38	H3F3A	ENST00000366813	p.G35R	p.Gly35Arg	chr1	226064454	226064454	G	G	A	Missense_Mutation	SNP	49	57	0.46226415094339623	True	True	True	Likely Gain-of-function	22286061;26619011;21685365;23079654	Likely Oncogenic																					
BS_P8WN8XEQ	GRCh38	MSH2	ENST00000406134			chr2	47499694	47499694	T	T	-	Intron	DEL	26	38	0.40625	True	True	False	Unknown		Unknown																					
BS_P8WN8XEQ	GRCh38	MSH6	ENST00000234420			chr2	47797809	47797809	C	C	T	Intron	SNP	44	79	0.35772357723577236	True	True	False	Unknown		Unknown																					
BS_P8WN8XEQ	GRCh38	RFC4	ENST00000392481			chr3	186801906	186801906	C	C	T	Intron	SNP	5	63	0.07352941176470588	True	False	False	Unknown		Unknown																					
BS_P8WN8XEQ	GRCh38	TERT	ENST00000310581			chr5	1262368	1262368	G	G	A	Intron	SNP	31	78	0.28440366972477066	True	True	False	Unknown		Unknown																					
BS_P8WN8XEQ	GRCh38	MSH3	ENST00000265081			chr5	80829370	80829370	T	T	-	Intron	DEL	39	76	0.3391304347826087	True	True	False	Unknown		Unknown																					
BS_P8WN8XEQ	GRCh38	MSH3	ENST00000265081			chr5	80858117	80858117	C	C	T	Intron	SNP	6	107	0.05309734513274336	True	True	False	Unknown		Unknown																					
BS_P8WN8XEQ	GRCh38	RPA3	ENST00000223129			chr7	7678410	7678410	A	A	T	Intron	SNP	13	49	0.20967741935483872	True	False	False	Unknown		Unknown																					
BS_P8WN8XEQ	GRCh38	RPA3	ENST00000223129			chr7	7678418	7678418	A	A	T	Intron	SNP	15	47	0.24193548387096775	True	False	False	Unknown		Unknown																					
BS_P8WN8XEQ	GRCh38	RFC3	ENST00000434425			chr13	33949534	33949534	C	C	T	Intron	SNP	35	75	0.3181818181818182	True	False	False	Unknown		Unknown																					
BS_P8WN8XEQ	GRCh38	TP53	ENST00000269305	p.N311Kfs*24	p.Asn311LysfsTer24	chr17	7673591	7673595	TGGTG	TGGTG	-	Frame_Shift_Del	DEL	35	64	0.35353535353535354	True	True	False	Likely Loss-of-function	19336573;27759562;16007150;11753428;11900253;21467160	Likely Oncogenic																	AMLMRC,AML,TMN,CLLSLL,MDS,ET,MPN,PMF		MCL	LEVEL_Px1	25412851;25860933;22186996;18596741;25412846;25952993;23243274;24004666;20697090;19188171;24652989;21714648;25092778;24220272;24478400;29296692;22887079;25516983;22052707;8639789;7579380;28819011;24684350;26022239
BS_P8WN8XEQ	GRCh38	TP53	ENST00000269305	p.S261Vfs*84	p.Ser261ValfsTer84	chr17	7674183	7674183	G	G	-	Frame_Shift_Del	DEL	34	51	0.4	True	True	False	Likely Loss-of-function	19336573;27759562;16007150;11753428;11900253;21467160	Likely Oncogenic																	AMLMRC,AML,TMN,CLLSLL,MDS,ET,MPN,PMF		MCL	LEVEL_Px1	25412851;25860933;22186996;18596741;25412846;25952993;23243274;24004666;20697090;19188171;24652989;21714648;25092778;24220272;24478400;29296692;22887079;25516983;22052707;8639789;7579380;28819011;24684350;26022239
BS_P8WN8XEQ	GRCh38	NF1	ENST00000358273			chr17	31092149	31092149	C	C	T	5'Flank	SNP	34	80	0.2982456140350877	True	True	False	Unknown		Unknown																					
BS_P8WN8XEQ	GRCh38	ATRX	ENST00000373344			chrX	77608645	77608645	C	C	T	Intron	SNP	7	63	0.1	True	True	False	Unknown		Unknown																					
BS_P8WN8XEQ	GRCh38	ATRX	ENST00000373344	p.L413Kfs*20	p.Leu413LysfsTer20	chrX	77684018	77684019	AA	AA	-	Frame_Shift_Del	DEL	48	9	0.8421052631578947	True	True	False	Likely Loss-of-function	21719641;8968741;24148618;15591283;14592816;18409179;17609377	Likely Oncogenic																					
BS_742CDKAS	GRCh38	RFC1	ENST00000381897			chr4	39336172	39336172	A	A	C	Intron	SNP	23	229	0.09126984126984126	True	False	False	Unknown		Unknown																					
BS_742CDKAS	GRCh38	TERT	ENST00000310581			chr5	1281916	1281916	C	C	T	Intron	SNP	9	86	0.09473684210526316	True	True	False	Unknown		Unknown																					
BS_742CDKAS	GRCh38	POLD3	ENST00000263681			chr11	74598744	74598744	G	G	-	Intron	DEL	66	6	0.9166666666666666	True	False	False	Unknown		Unknown																					
BS_742CDKAS	GRCh38	NF1	ENST00000358273			chr17	31096458	31096458	C	C	G	Intron	SNP	50	52	0.49019607843137253	True	True	False	Unknown		Unknown																					
BS_742CDKAS	GRCh38	ATRX	ENST00000373344			chrX	77528040	77528040	G	G	T	Intron	SNP	27	55	0.32926829268292684	True	True	False	Unknown		Unknown																					
BS_742CDKAS	GRCh38	ATRX	ENST00000373344			chrX	77546262	77546262	A	A	G	Intron	SNP	20	111	0.15267175572519084	True	True	False	Unknown		Unknown																					
BS_742CDKAS	GRCh38	ATRX	ENST00000373344			chrX	77640474	77640474	A	A	T	Intron	SNP	76	60	0.5588235294117647	True	True	False	Unknown		Unknown																					
BS_742CDKAS	GRCh38	ATRX	ENST00000373344			chrX	77781748	77781748	T	T	C	Intron	SNP	52	71	0.42276422764227645	True	True	False	Unknown		Unknown																					
BS_WJF6ZXWN	GRCh38	H3F3A	ENST00000366813	p.K28M	p.Lys28Met	chr1	226064434	226064434	A	A	T	Missense_Mutation	SNP	35	70	0.3333333333333333	True	True	True	Likely Gain-of-function	22286061;26619011;21685365	Likely Oncogenic																					
BS_WJF6ZXWN	GRCh38	MSH3	ENST00000265081			chr5	80655285	80655285	T	T	-	Intron	DEL	10	72	0.12195121951219512	True	True	False	Unknown		Unknown																					
BS_WJF6ZXWN	GRCh38	RPA3	ENST00000223129			chr7	7679711	7679712	-	-	AT	Intron	INS	7	33	0.175	True	False	False	Unknown		Unknown																					
BS_WJF6ZXWN	GRCh38	MLH3	ENST00000355774			chr14	75035848	75035849	-	-	A	Intron	INS	10	40	0.2	True	False	False	Unknown		Unknown																					
BS_WJF6ZXWN	GRCh38	TP53	ENST00000269305	p.R248Q	p.Arg248Gln	chr17	7674220	7674220	C	C	T	Missense_Mutation	SNP	47	25	0.6527777777777778	True	True	True	Likely Loss-of-function	24814347;16778209;21445056	Likely Oncogenic																	AMLMRC,AML,TMN,CLLSLL,MDS,ET,MPN,PMF		MCL	LEVEL_Px1	25412851;25860933;22186996;18596741;25412846;25952993;23243274;24004666;20697090;19188171;24652989;21714648;25092778;24220272;24478400;29296692;22887079;25516983;22052707;8639789;7579380;28819011;24684350;26022239
BS_WJF6ZXWN	GRCh38	ATRX	ENST00000373344			chrX	77737099	77737100	-	-	A	Intron	INS	13	40	0.24528301886792453	True	True	False	Unknown		Unknown																					
BS_KAD49R68	GRCh38	H3F3A	ENST00000366813	p.K28M	p.Lys28Met	chr1	226064434	226064434	A	A	T	Missense_Mutation	SNP	15	78	0.16129032258064516	True	True	True	Likely Gain-of-function	22286061;26619011;21685365	Likely Oncogenic																					
BS_KAD49R68	GRCh38	MSH2	ENST00000644092			chr2	47598980	47598980	T	T	C	Intron	SNP	10	70	0.125	True	True	False	Unknown		Unknown																					
BS_KAD49R68	GRCh38	TERT	ENST00000310581			chr5	1295113	1295113	G	G	A	5'Flank	SNP	11	77	0.125	True	True	True	Gain-of-function	24657534;25048572;23530248;23348506;23348503;23887589	Oncogenic																					
BS_KAD49R68	GRCh38	ATRX	ENST00000373344			chrX	77627232	77627233	-	-	A	Intron	INS	12	65	0.15584415584415584	True	True	False	Unknown		Unknown																					
BS_KAD49R68	GRCh38	ATRX	ENST00000373344			chrX	77720156	77720156	A	A	G	Intron	SNP	5	73	0.0641025641025641	True	True	False	Unknown		Unknown																					
BS_AYPBAHJ6	GRCh38	H3F3A	ENST00000366813	p.K28M	p.Lys28Met	chr1	226064434	226064434	A	A	T	Missense_Mutation	SNP	40	52	0.43478260869565216	True	True	True	Likely Gain-of-function	22286061;26619011;21685365	Likely Oncogenic																					
BS_AYPBAHJ6	GRCh38	MSH2	ENST00000233146			chr2	47460843	47460843	T	T	-	Intron	DEL	14	53	0.208955223880597	True	True	False	Unknown		Unknown																					
BS_AYPBAHJ6	GRCh38	TP53	ENST00000269305	p.X331_splice		chr17	7673534	7673534	C	C	T	Splice_Site	SNP	81	25	0.7641509433962265	True	True	True	Likely Loss-of-function	19336573;27759562;16007150;11753428;11900253;21467160	Likely Oncogenic																	AMLMRC,AML,TMN,CLLSLL,MDS,ET,MPN,PMF		MCL	LEVEL_Px1	25412851;25860933;22186996;18596741;25412846;25952993;23243274;24004666;20697090;19188171;24652989;21714648;25092778;24220272;24478400;29296692;22887079;25516983;22052707;8639789;7579380;28819011;24684350;26022239
BS_AYPBAHJ6	GRCh38	NF1	ENST00000358273			chr17	31355534	31355534	C	C	T	Intron	SNP	3	35	0.07894736842105263	True	True	False	Unknown		Unknown																					
BS_AYPBAHJ6	GRCh38	ATRX	ENST00000373344			chrX	77689705	77689705	G	G	C	Intron	SNP	7	33	0.175	True	True	False	Unknown		Unknown																					
BS_1M63B97V	GRCh38	MSH2	ENST00000233146			chr2	47426873	47426874	-	-	CA	Intron	INS	20	56	0.2631578947368421	True	True	False	Unknown		Unknown																					
BS_1M63B97V	GRCh38	PMS2	ENST00000265849			chr7	6002246	6002246	T	T	C	Intron	SNP	15	70	0.17647058823529413	True	True	False	Unknown		Unknown																					
BS_1M63B97V	GRCh38	RPA3	ENST00000223129			chr7	7666629	7666629	T	T	C	Intron	SNP	15	60	0.2	True	False	False	Unknown		Unknown																					
BS_1M63B97V	GRCh38	POLD3	ENST00000528481			chr11	74571399	74571399	T	T	C	Intron	SNP	21	66	0.2413793103448276	True	False	False	Unknown		Unknown																					
BS_CGXTFM67	GRCh38	H3F3A	ENST00000366813	p.K28M	p.Lys28Met	chr1	226064434	226064434	A	A	T	Missense_Mutation	SNP	27	59	0.313953488372093	True	True	True	Likely Gain-of-function	22286061;26619011;21685365	Likely Oncogenic																					
BS_CGXTFM67	GRCh38	RFC2	ENST00000055077			chr7	74243604	74243605	-	-	T	Intron	INS	14	78	0.15217391304347827	True	False	False	Unknown		Unknown																					
BS_KHSYAB3J	GRCh38	H3F3A	ENST00000366813	p.K28M	p.Lys28Met	chr1	226064434	226064434	A	A	T	Missense_Mutation	SNP	33	72	0.3142857142857143	True	True	True	Likely Gain-of-function	22286061;26619011;21685365	Likely Oncogenic																					
BS_KHSYAB3J	GRCh38	MSH2	ENST00000644092			chr2	47647201	47647201	T	T	C	Intron	SNP	33	41	0.44594594594594594	True	True	False	Unknown		Unknown																					
BS_KHSYAB3J	GRCh38	TERT	ENST00000310581			chr5	1259342	1259342	C	C	T	Intron	SNP	17	27	0.38636363636363635	True	True	False	Unknown		Unknown																					
BS_KHSYAB3J	GRCh38	RFC3	ENST00000434425			chr13	33904010	33904010	C	C	A	Intron	SNP	41	51	0.44565217391304346	True	False	False	Unknown		Unknown																					
BS_KHSYAB3J	GRCh38	RFC3	ENST00000434425			chr13	33925168	33925168	T	T	C	Intron	SNP	35	55	0.3888888888888889	True	False	False	Unknown		Unknown																					
BS_KHSYAB3J	GRCh38	TP53	ENST00000269305	p.R175H	p.Arg175His	chr17	7675088	7675088	C	C	T	Missense_Mutation	SNP	63	31	0.6702127659574468	True	True	True	Loss-of-function	25584008;15781620;10713666;21445056;31068365	Oncogenic																	AMLMRC,AML,TMN,CLLSLL,MDS,ET,MPN,PMF		MCL	LEVEL_Px1	25412851;25860933;22186996;18596741;25412846;25952993;23243274;24004666;20697090;19188171;24652989;21714648;25092778;24220272;24478400;29296692;22887079;25516983;22052707;8639789;7579380;28819011;24684350;26022239
BS_02YBZSBY	GRCh38	RPA2	ENST00000373909			chr1	27893617	27893618	-	-	T	Intron	INS	25	43	0.36764705882352944	True	False	False	Unknown		Unknown																					
BS_02YBZSBY	GRCh38	RPA2	ENST00000373909			chr1	27896396	27896396	G	G	T	Intron	SNP	25	55	0.3125	True	False	False	Unknown		Unknown																					
BS_02YBZSBY	GRCh38	RPA2	ENST00000373909			chr1	27900088	27900088	C	C	T	Intron	SNP	32	68	0.32	True	False	False	Unknown		Unknown																					
BS_02YBZSBY	GRCh38	RPA2	ENST00000373909			chr1	27904359	27904359	T	T	C	Intron	SNP	43	59	0.4215686274509804	True	False	False	Unknown		Unknown																					
BS_02YBZSBY	GRCh38	RPA2	ENST00000373909			chr1	27906366	27906367	-	-	AA	Intron	INS	28	61	0.3146067415730337	True	False	False	Unknown		Unknown																					
BS_02YBZSBY	GRCh38	RPA2	ENST00000373909			chr1	27906550	27906550	C	C	T	Intron	SNP	24	54	0.3076923076923077	True	False	False	Unknown		Unknown																					
BS_02YBZSBY	GRCh38	RPA2	ENST00000373909			chr1	27906621	27906621	G	G	A	Intron	SNP	39	62	0.38613861386138615	True	False	False	Unknown		Unknown																					
BS_02YBZSBY	GRCh38	RPA2	ENST00000373909			chr1	27911368	27911369	-	-	A	Intron	INS	29	56	0.3411764705882353	True	False	False	Unknown		Unknown																					
BS_02YBZSBY	GRCh38	RPA2	ENST00000373909			chr1	27913110	27913110	G	G	A	Intron	SNP	21	44	0.3230769230769231	True	False	False	Unknown		Unknown																					
BS_02YBZSBY	GRCh38	RPA2	ENST00000373909			chr1	27913682	27913682	C	C	T	Intron	SNP	6	76	0.07317073170731707	True	False	False	Unknown		Unknown																					
BS_02YBZSBY	GRCh38	RPA2	ENST00000373909			chr1	27915932	27915932	G	G	A	5'Flank	SNP	12	40	0.23076923076923078	True	False	False	Unknown		Unknown																					
BS_02YBZSBY	GRCh38	H3F3A	ENST00000366813			chr1	226059115	226059115	G	G	A	5'Flank	SNP	39	68	0.3644859813084112	True	True	False	Unknown		Unknown																					
BS_02YBZSBY	GRCh38	H3F3A	ENST00000366813			chr1	226062882	226062882	G	G	A	5'Flank	SNP	27	61	0.3068181818181818	True	True	False	Unknown		Unknown																					
BS_02YBZSBY	GRCh38	H3F3A	ENST00000366813			chr1	226067231	226067231	C	C	T	Intron	SNP	12	83	0.12631578947368421	True	True	False	Unknown		Unknown																					
BS_02YBZSBY	GRCh38	H3F3A	ENST00000366813			chr1	226068653	226068653	C	C	T	Intron	SNP	32	74	0.3018867924528302	True	True	False	Unknown		Unknown																					
BS_02YBZSBY	GRCh38	H3F3A	ENST00000366813			chr1	226072594	226072594	G	G	A	3'Flank	SNP	41	65	0.3867924528301887	True	True	False	Unknown		Unknown																					
BS_02YBZSBY	GRCh38	H3F3A	ENST00000366813			chr1	226073650	226073651	-	-	A	3'Flank	INS	35	64	0.35353535353535354	True	True	False	Unknown		Unknown																					
BS_02YBZSBY	GRCh38	H3F3A	ENST00000366813			chr1	226075263	226075263	G	G	A	3'Flank	SNP	24	45	0.34782608695652173	True	True	False	Unknown		Unknown																					
BS_02YBZSBY	GRCh38	EXO1	ENST00000366548			chr1	241849623	241849623	A	A	G	Intron	SNP	27	70	0.27835051546391754	True	False	False	Unknown		Unknown																					
BS_02YBZSBY	GRCh38	EXO1	ENST00000366548			chr1	241851414	241851414	A	A	C	Intron	SNP	41	67	0.37962962962962965	True	False	False	Unknown		Unknown																					
BS_02YBZSBY	GRCh38	EXO1	ENST00000366548			chr1	241851601	241851601	G	G	A	Intron	SNP	35	67	0.3431372549019608	True	False	False	Unknown		Unknown																					
BS_02YBZSBY	GRCh38	EXO1	ENST00000366548			chr1	241855572	241855572	G	G	A	Intron	SNP	17	71	0.19318181818181818	True	False	False	Unknown		Unknown																					
BS_02YBZSBY	GRCh38	EXO1	ENST00000366548			chr1	241856385	241856385	G	G	A	Intron	SNP	26	55	0.32098765432098764	True	False	False	Unknown		Unknown																					
BS_02YBZSBY	GRCh38	EXO1	ENST00000366548			chr1	241859111	241859111	C	C	T	Intron	SNP	20	57	0.2597402597402597	True	False	False	Unknown		Unknown																					
BS_02YBZSBY	GRCh38	EXO1	ENST00000366548			chr1	241862557	241862557	C	C	A	Intron	SNP	41	67	0.37962962962962965	True	False	False	Unknown		Unknown																					
BS_02YBZSBY	GRCh38	EXO1	ENST00000366548			chr1	241866393	241866393	C	C	T	Intron	SNP	28	65	0.3010752688172043	True	False	False	Unknown		Unknown																					
BS_02YBZSBY	GRCh38	EXO1	ENST00000366548			chr1	241875746	241875746	C	C	T	Intron	SNP	24	45	0.34782608695652173	True	False	False	Unknown		Unknown																					
BS_02YBZSBY	GRCh38	EXO1	ENST00000366548			chr1	241882621	241882621	A	A	G	Intron	SNP	45	64	0.41284403669724773	True	False	False	Unknown		Unknown																					
BS_02YBZSBY	GRCh38	EXO1	ENST00000366548			chr1	241883268	241883268	T	T	C	Intron	SNP	21	48	0.30434782608695654	True	False	False	Unknown		Unknown																					
BS_02YBZSBY	GRCh38	EXO1	ENST00000366548			chr1	241885062	241885063	CG	CG	TC	Intron	DNP	13	29	0.30952380952380953	True	False	False	Unknown		Unknown																					
BS_02YBZSBY	GRCh38	EXO1	ENST00000366548			chr1	241885185	241885185	C	C	T	Intron	SNP	20	52	0.2777777777777778	True	False	False	Unknown		Unknown																					
BS_02YBZSBY	GRCh38	EXO1	ENST00000366548			chr1	241887783	241887783	C	C	T	Intron	SNP	16	50	0.24242424242424243	True	False	False	Unknown		Unknown																					
BS_02YBZSBY	GRCh38	EXO1	ENST00000366548			chr1	241887832	241887832	T	T	G	Intron	SNP	23	52	0.30666666666666664	True	False	False	Unknown		Unknown																					
BS_02YBZSBY	GRCh38	EXO1	ENST00000366548			chr1	241888945	241888945	C	C	T	Intron	SNP	37	55	0.40217391304347827	True	False	False	Unknown		Unknown																					
BS_02YBZSBY	GRCh38	EXO1	ENST00000366548			chr1	241889782	241889783	-	-	T	3'UTR	INS	33	60	0.3548387096774194	True	False	False	Unknown		Unknown																					
BS_02YBZSBY	GRCh38	EXO1	ENST00000366548			chr1	241892461	241892461	T	T	G	3'Flank	SNP	27	45	0.375	True	False	False	Unknown		Unknown																					
BS_02YBZSBY	GRCh38	EXO1	ENST00000518741			chr1	241895052	241895052	C	C	T	RNA	SNP	30	45	0.4	True	False	False	Unknown		Unknown																					
BS_02YBZSBY	GRCh38	EXO1	ENST00000518741			chr1	241896497	241896497	A	A	G	3'Flank	SNP	18	85	0.17475728155339806	True	False	False	Unknown		Unknown																					
BS_02YBZSBY	GRCh38	EXO1	ENST00000518741			chr1	241898959	241898959	C	C	T	3'Flank	SNP	33	73	0.3113207547169811	True	False	False	Unknown		Unknown																					
BS_02YBZSBY	GRCh38	MSH2	ENST00000233146			chr2	47402055	47402055	G	G	A	5'Flank	SNP	30	54	0.35714285714285715	True	True	False	Unknown		Unknown																					
BS_02YBZSBY	GRCh38	MSH2	ENST00000233146			chr2	47407646	47407646	G	G	A	Intron	SNP	47	89	0.34558823529411764	True	True	False	Unknown		Unknown																					
BS_02YBZSBY	GRCh38	MSH2	ENST00000233146			chr2	47410836	47410836	G	G	A	Intron	SNP	15	43	0.25862068965517243	True	True	False	Unknown		Unknown																					
BS_02YBZSBY	GRCh38	MSH2	ENST00000233146			chr2	47411519	47411519	G	G	A	Intron	SNP	40	66	0.37735849056603776	True	True	False	Unknown		Unknown																					
BS_02YBZSBY	GRCh38	MSH2	ENST00000233146			chr2	47413956	47413956	G	G	A	Intron	SNP	25	43	0.36764705882352944	True	True	False	Unknown		Unknown																					
BS_02YBZSBY	GRCh38	MSH2	ENST00000233146	p.A272=	p.Ala272=	chr2	47414292	47414292	G	G	A	Silent	SNP	19	52	0.2676056338028169	True	True	False	Unknown		Unknown																					
BS_02YBZSBY	GRCh38	MSH2	ENST00000233146			chr2	47414448	47414448	G	G	A	Intron	SNP	13	56	0.18840579710144928	True	True	False	Unknown		Unknown																					
BS_02YBZSBY	GRCh38	MSH2	ENST00000233146			chr2	47419215	47419215	G	G	A	Intron	SNP	25	65	0.2777777777777778	True	True	False	Unknown		Unknown																					
BS_02YBZSBY	GRCh38	MSH2	ENST00000233146			chr2	47420443	47420443	G	G	A	Intron	SNP	44	64	0.4074074074074074	True	True	False	Unknown		Unknown																					
BS_02YBZSBY	GRCh38	MSH2	ENST00000233146			chr2	47420953	47420953	C	C	T	Intron	SNP	22	54	0.2894736842105263	True	True	False	Unknown		Unknown																					
BS_02YBZSBY	GRCh38	MSH2	ENST00000233146			chr2	47421211	47421211	G	G	T	Intron	SNP	17	42	0.288135593220339	True	True	False	Unknown		Unknown																					
BS_02YBZSBY	GRCh38	MSH2	ENST00000233146			chr2	47421303	47421303	A	A	G	Intron	SNP	35	60	0.3684210526315789	True	True	False	Unknown		Unknown																					
BS_02YBZSBY	GRCh38	MSH2	ENST00000233146			chr2	47426297	47426297	G	G	A	Intron	SNP	33	41	0.44594594594594594	True	True	False	Unknown		Unknown																					
BS_02YBZSBY	GRCh38	MSH2	ENST00000233146			chr2	47430030	47430030	A	A	G	Intron	SNP	25	60	0.29411764705882354	True	True	False	Unknown		Unknown																					
BS_02YBZSBY	GRCh38	MSH2	ENST00000233146			chr2	47430614	47430614	G	G	T	Intron	SNP	25	59	0.2976190476190476	True	True	False	Unknown		Unknown																					
BS_02YBZSBY	GRCh38	MSH2	ENST00000233146			chr2	47434397	47434397	G	G	A	Intron	SNP	30	50	0.375	True	True	False	Unknown		Unknown																					
BS_02YBZSBY	GRCh38	MSH2	ENST00000233146			chr2	47434885	47434885	G	G	A	Intron	SNP	36	59	0.37894736842105264	True	True	False	Unknown		Unknown																					
BS_02YBZSBY	GRCh38	MSH2	ENST00000233146			chr2	47436442	47436442	G	G	A	Intron	SNP	18	61	0.22784810126582278	True	True	False	Unknown		Unknown																					
BS_02YBZSBY	GRCh38	MSH2	ENST00000233146			chr2	47440833	47440833	G	G	A	Intron	SNP	21	56	0.2727272727272727	True	True	False	Unknown		Unknown																					
BS_02YBZSBY	GRCh38	MSH2	ENST00000233146			chr2	47450188	47450188	G	G	A	Intron	SNP	28	59	0.3218390804597701	True	True	False	Unknown		Unknown																					
BS_02YBZSBY	GRCh38	MSH2	ENST00000233146			chr2	47462659	47462659	C	C	A	Intron	SNP	39	75	0.34210526315789475	True	True	False	Unknown		Unknown																					
BS_02YBZSBY	GRCh38	MSH2	ENST00000233146			chr2	47465307	47465307	G	G	A	Intron	SNP	42	66	0.3888888888888889	True	True	False	Unknown		Unknown																					
BS_02YBZSBY	GRCh38	MSH2	ENST00000233146			chr2	47466971	47466971	C	C	T	Intron	SNP	24	57	0.2962962962962963	True	True	False	Unknown		Unknown																					
BS_02YBZSBY	GRCh38	MSH2	ENST00000233146			chr2	47467435	47467435	G	G	T	Intron	SNP	19	53	0.2638888888888889	True	True	False	Unknown		Unknown																					
BS_02YBZSBY	GRCh38	MSH2	ENST00000233146			chr2	47467868	47467869	-	-	T	Intron	INS	31	70	0.3069306930693069	True	True	False	Unknown		Unknown																					
BS_02YBZSBY	GRCh38	MSH2	ENST00000233146			chr2	47471605	47471605	C	C	A	Intron	SNP	35	65	0.35	True	True	False	Unknown		Unknown																					
BS_02YBZSBY	GRCh38	MSH2	ENST00000233146			chr2	47473293	47473294	-	-	T	Intron	INS	28	55	0.3373493975903614	True	True	False	Unknown		Unknown																					
BS_02YBZSBY	GRCh38	MSH2	ENST00000233146			chr2	47475656	47475656	G	G	A	Intron	SNP	22	58	0.275	True	True	False	Unknown		Unknown																					
BS_02YBZSBY	GRCh38	MSH2	ENST00000233146			chr2	47476124	47476124	G	G	A	Intron	SNP	30	46	0.39473684210526316	True	True	False	Unknown		Unknown																					
BS_02YBZSBY	GRCh38	MSH2	ENST00000233146	p.E859*	p.Glu859Ter	chr2	47480812	47480812	G	G	T	Nonsense_Mutation	SNP	21	69	0.23333333333333334	True	True	True	Likely Loss-of-function	8592341;11257106;23391514;15528792;24362816;10946232;7726159;8566964	Likely Oncogenic																					
BS_02YBZSBY	GRCh38	MSH2	ENST00000233146	p.S860=	p.Ser860=	chr2	47480817	47480817	G	G	A	Silent	SNP	44	54	0.4489795918367347	True	True	False	Unknown		Unknown																					
BS_02YBZSBY	GRCh38	MSH2	ENST00000233146			chr2	47481529	47481529	G	G	A	Intron	SNP	26	50	0.34210526315789475	True	True	False	Unknown		Unknown																					
BS_02YBZSBY	GRCh38	MSH2	ENST00000233146			chr2	47482637	47482637	G	G	A	Intron	SNP	40	56	0.4166666666666667	True	True	False	Unknown		Unknown																					
BS_02YBZSBY	GRCh38	MSH2	ENST00000233146			chr2	47483288	47483288	G	G	T	3'Flank	SNP	15	49	0.234375	True	True	False	Unknown		Unknown																					
BS_02YBZSBY	GRCh38	MSH2	ENST00000233146			chr2	47483811	47483811	G	G	A	3'Flank	SNP	31	61	0.33695652173913043	True	True	False	Unknown		Unknown																					
BS_02YBZSBY	GRCh38	MSH2	ENST00000406134			chr2	47489324	47489324	C	C	T	Intron	SNP	25	54	0.31645569620253167	True	True	False	Unknown		Unknown																					
BS_02YBZSBY	GRCh38	MSH2	ENST00000406134			chr2	47491065	47491066	-	-	T	Intron	INS	16	37	0.3018867924528302	True	True	False	Unknown		Unknown																					
BS_02YBZSBY	GRCh38	MSH2	ENST00000406134			chr2	47491934	47491934	G	G	A	Intron	SNP	31	67	0.3163265306122449	True	True	False	Unknown		Unknown																					
BS_02YBZSBY	GRCh38	MSH2	ENST00000406134			chr2	47493166	47493166	G	G	A	Intron	SNP	48	72	0.4	True	True	False	Unknown		Unknown																					
BS_02YBZSBY	GRCh38	MSH2	ENST00000406134			chr2	47497652	47497652	C	C	T	Intron	SNP	24	60	0.2857142857142857	True	True	False	Unknown		Unknown																					
BS_02YBZSBY	GRCh38	MSH2	ENST00000406134			chr2	47507443	47507444	-	-	A	Intron	INS	29	46	0.38666666666666666	True	True	False	Unknown		Unknown																					
BS_02YBZSBY	GRCh38	MSH2	ENST00000406134			chr2	47508755	47508755	G	G	A	Intron	SNP	38	47	0.4470588235294118	True	True	False	Unknown		Unknown																					
BS_02YBZSBY	GRCh38	MSH2	ENST00000406134			chr2	47510046	47510046	G	G	A	Intron	SNP	28	51	0.35443037974683544	True	True	False	Unknown		Unknown																					
BS_02YBZSBY	GRCh38	MSH2	ENST00000644092			chr2	47576187	47576187	T	T	C	Intron	SNP	31	57	0.3522727272727273	True	True	False	Unknown		Unknown																					
BS_02YBZSBY	GRCh38	MSH2	ENST00000644092			chr2	47577488	47577488	C	C	T	Intron	SNP	16	55	0.22535211267605634	True	True	False	Unknown		Unknown																					
BS_02YBZSBY	GRCh38	MSH2	ENST00000644092			chr2	47585038	47585039	-	-	A	Intron	INS	31	74	0.29523809523809524	True	True	False	Unknown		Unknown																					
BS_02YBZSBY	GRCh38	MSH2	ENST00000644092			chr2	47586927	47586927	C	C	T	Intron	SNP	14	47	0.22950819672131148	True	True	False	Unknown		Unknown																					
BS_02YBZSBY	GRCh38	MSH2	ENST00000644092			chr2	47587344	47587344	C	C	T	Intron	SNP	28	57	0.32941176470588235	True	True	False	Unknown		Unknown																					
BS_02YBZSBY	GRCh38	MSH2	ENST00000644092			chr2	47591407	47591407	G	G	A	Intron	SNP	33	51	0.39285714285714285	True	True	False	Unknown		Unknown																					
BS_02YBZSBY	GRCh38	MSH2	ENST00000644092			chr2	47592375	47592375	G	G	A	Intron	SNP	33	61	0.35106382978723405	True	True	False	Unknown		Unknown																					
BS_02YBZSBY	GRCh38	MSH2	ENST00000644092			chr2	47595163	47595163	G	G	T	Intron	SNP	26	71	0.26804123711340205	True	True	False	Unknown		Unknown																					
BS_02YBZSBY	GRCh38	MSH2	ENST00000644092			chr2	47598105	47598105	C	C	A	Intron	SNP	29	53	0.35365853658536583	True	True	False	Unknown		Unknown																					
BS_02YBZSBY	GRCh38	MSH2	ENST00000644092			chr2	47598511	47598511	G	G	A	Intron	SNP	29	62	0.31868131868131866	True	True	False	Unknown		Unknown																					
BS_02YBZSBY	GRCh38	MSH2	ENST00000644092			chr2	47602153	47602153	C	C	T	Intron	SNP	35	56	0.38461538461538464	True	True	False	Unknown		Unknown																					
BS_02YBZSBY	GRCh38	MSH2	ENST00000644092			chr2	47602997	47602997	T	T	-	Intron	DEL	41	48	0.4606741573033708	True	True	False	Unknown		Unknown																					
BS_02YBZSBY	GRCh38	MSH2	ENST00000644092			chr2	47610190	47610191	-	-	T	Intron	INS	35	77	0.3125	True	True	False	Unknown		Unknown																					
BS_02YBZSBY	GRCh38	MSH2	ENST00000644092			chr2	47616412	47616412	G	G	A	Intron	SNP	28	59	0.3218390804597701	True	True	False	Unknown		Unknown																					
BS_02YBZSBY	GRCh38	MSH2	ENST00000644092			chr2	47621305	47621305	C	C	T	Intron	SNP	36	80	0.3103448275862069	True	True	False	Unknown		Unknown																					
BS_02YBZSBY	GRCh38	MSH2	ENST00000644092			chr2	47628646	47628646	T	T	C	Intron	SNP	31	55	0.36046511627906974	True	True	False	Unknown		Unknown																					
BS_02YBZSBY	GRCh38	MSH2	ENST00000644092			chr2	47636672	47636672	C	C	T	Intron	SNP	27	63	0.3	True	True	False	Unknown		Unknown																					
BS_02YBZSBY	GRCh38	MSH2	ENST00000644092			chr2	47640568	47640568	A	A	G	Intron	SNP	11	76	0.12643678160919541	True	True	False	Unknown		Unknown																					
BS_02YBZSBY	GRCh38	MSH2	ENST00000644092			chr2	47642376	47642377	-	-	T	Intron	INS	19	24	0.4418604651162791	True	True	False	Unknown		Unknown																					
BS_02YBZSBY	GRCh38	MSH2	ENST00000644092			chr2	47654921	47654922	-	-	G	Intron	INS	13	18	0.41935483870967744	True	True	False	Unknown		Unknown																					
BS_02YBZSBY	GRCh38	MSH2	ENST00000644092			chr2	47656335	47656335	G	G	A	Intron	SNP	38	63	0.37623762376237624	True	True	False	Unknown		Unknown																					
BS_02YBZSBY	GRCh38	MSH2	ENST00000644092			chr2	47659111	47659112	-	-	T	Intron	INS	28	64	0.30434782608695654	True	True	False	Unknown		Unknown																					
BS_02YBZSBY	GRCh38	MSH2	ENST00000644092			chr2	47664612	47664612	C	C	T	3'Flank	SNP	31	47	0.3974358974358974	True	True	False	Unknown		Unknown																					
BS_02YBZSBY	GRCh38	MSH6	ENST00000606499			chr2	47699125	47699125	G	G	A	Intron	SNP	34	63	0.35051546391752575	True	True	False	Unknown		Unknown																					
BS_02YBZSBY	GRCh38	MSH6	ENST00000606499			chr2	47716747	47716747	C	C	A	Intron	SNP	27	43	0.38571428571428573	True	True	False	Unknown		Unknown																					
BS_02YBZSBY	GRCh38	MSH6	ENST00000606499			chr2	47722007	47722007	G	G	A	Intron	SNP	30	59	0.33707865168539325	True	True	False	Unknown		Unknown																					
BS_02YBZSBY	GRCh38	MSH6	ENST00000606499			chr2	47747945	47747946	-	-	A	Intron	INS	23	35	0.39655172413793105	True	True	False	Unknown		Unknown																					
BS_02YBZSBY	GRCh38	MSH6	ENST00000606499			chr2	47750916	47750916	C	C	T	Intron	SNP	27	73	0.27	True	True	False	Unknown		Unknown																					
BS_02YBZSBY	GRCh38	MSH6	ENST00000606499			chr2	47756996	47756996	C	C	T	Intron	SNP	19	36	0.34545454545454546	True	True	False	Unknown		Unknown																					
BS_02YBZSBY	GRCh38	MSH6	ENST00000606499			chr2	47759532	47759532	G	G	A	Intron	SNP	28	56	0.3333333333333333	True	True	False	Unknown		Unknown																					
BS_02YBZSBY	GRCh38	MSH6	ENST00000606499			chr2	47760966	47760966	G	G	A	Intron	SNP	22	49	0.30985915492957744	True	True	False	Unknown		Unknown																					
BS_02YBZSBY	GRCh38	MSH6	ENST00000606499			chr2	47766253	47766253	G	G	A	Intron	SNP	28	55	0.3373493975903614	True	True	False	Unknown		Unknown																					
BS_02YBZSBY	GRCh38	MSH6	ENST00000606499			chr2	47768141	47768141	C	C	A	Intron	SNP	23	56	0.2911392405063291	True	True	False	Unknown		Unknown																					
BS_02YBZSBY	GRCh38	MSH6	ENST00000606499			chr2	47769836	47769836	C	C	T	Intron	SNP	33	50	0.39759036144578314	True	True	False	Unknown		Unknown																					
BS_02YBZSBY	GRCh38	MSH6	ENST00000606499			chr2	47770368	47770368	C	C	T	Intron	SNP	27	62	0.30337078651685395	True	True	False	Unknown		Unknown																					
BS_02YBZSBY	GRCh38	MSH6	ENST00000234420			chr2	47779896	47779896	C	C	T	5'Flank	SNP	32	68	0.32	True	True	False	Unknown		Unknown																					
BS_02YBZSBY	GRCh38	MSH6	ENST00000234420			chr2	47782979	47782979	G	G	A	5'Flank	SNP	20	40	0.3333333333333333	True	True	False	Unknown		Unknown																					
BS_02YBZSBY	GRCh38	MSH6	ENST00000234420			chr2	47783564	47783564	C	C	A	Intron	SNP	17	36	0.32075471698113206	True	True	False	Unknown		Unknown																					
BS_02YBZSBY	GRCh38	MSH6	ENST00000234420			chr2	47786933	47786933	G	G	A	Intron	SNP	38	51	0.42696629213483145	True	True	False	Unknown		Unknown																					
BS_02YBZSBY	GRCh38	MSH6	ENST00000234420			chr2	47790232	47790232	G	G	A	Intron	SNP	30	61	0.32967032967032966	True	True	False	Unknown		Unknown																					
BS_02YBZSBY	GRCh38	MSH6	ENST00000234420			chr2	47794834	47794834	G	G	A	Intron	SNP	36	49	0.4235294117647059	True	True	False	Unknown		Unknown																					
BS_02YBZSBY	GRCh38	MSH6	ENST00000234420			chr2	47795563	47795563	T	T	G	Intron	SNP	25	50	0.3333333333333333	True	True	False	Unknown		Unknown																					
BS_02YBZSBY	GRCh38	MSH6	ENST00000234420	p.R243H	p.Arg243His	chr2	47798711	47798711	G	G	A	Missense_Mutation	SNP	38	63	0.37623762376237624	True	True	False	Unknown		Unknown																					
BS_02YBZSBY	GRCh38	MSH6	ENST00000234420	p.D797=	p.Asp797=	chr2	47800374	47800374	C	C	T	Silent	SNP	30	55	0.35294117647058826	True	True	False	Unknown		Unknown																					
BS_02YBZSBY	GRCh38	MSH6	ENST00000234420	p.F1088Lfs*5	p.Phe1088LeufsTer5	chr2	47803500	47803501	-	-	C	Frame_Shift_Ins	INS	30	44	0.40540540540540543	True	True	True	Likely Loss-of-function	21674763;15837969	Likely Oncogenic																					
BS_02YBZSBY	GRCh38	MSH6	ENST00000234420			chr2	47804130	47804130	G	G	A	Intron	SNP	39	47	0.45348837209302323	True	True	False	Unknown		Unknown																					
BS_02YBZSBY	GRCh38	MSH6	ENST00000234420			chr2	47807668	47807668	A	A	-	3'UTR	DEL	24	63	0.27586206896551724	True	True	False	Unknown		Unknown																					
BS_02YBZSBY	GRCh38	MLH1	ENST00000231790			chr3	36993282	36993282	A	A	G	5'Flank	SNP	21	48	0.30434782608695654	True	True	False	Unknown		Unknown																					
BS_02YBZSBY	GRCh38	MLH1	ENST00000231790			chr3	36994444	36994444	T	T	C	Intron	SNP	32	66	0.32653061224489793	True	True	False	Unknown		Unknown																					
BS_02YBZSBY	GRCh38	MLH1	ENST00000231790			chr3	36995428	36995428	C	C	T	Intron	SNP	25	38	0.3968253968253968	True	True	False	Unknown		Unknown																					
BS_02YBZSBY	GRCh38	MLH1	ENST00000231790			chr3	36996100	36996100	G	G	A	Intron	SNP	30	48	0.38461538461538464	True	True	False	Unknown		Unknown																					
BS_02YBZSBY	GRCh38	MLH1	ENST00000231790			chr3	37012703	37012703	T	T	C	Intron	SNP	34	62	0.3541666666666667	True	True	False	Unknown		Unknown																					
BS_02YBZSBY	GRCh38	MLH1	ENST00000231790			chr3	37013011	37013011	G	G	A	Intron	SNP	35	54	0.39325842696629215	True	True	False	Unknown		Unknown																					
BS_02YBZSBY	GRCh38	MLH1	ENST00000231790			chr3	37015342	37015343	-	-	T	Intron	INS	25	61	0.29069767441860467	True	True	False	Unknown		Unknown																					
BS_02YBZSBY	GRCh38	MLH1	ENST00000231790			chr3	37022716	37022716	C	C	T	Intron	SNP	13	89	0.12745098039215685	True	True	False	Unknown		Unknown																					
BS_02YBZSBY	GRCh38	MLH1	ENST00000231790			chr3	37033615	37033615	A	A	G	Intron	SNP	42	52	0.44680851063829785	True	True	False	Unknown		Unknown																					
BS_02YBZSBY	GRCh38	MLH1	ENST00000231790			chr3	37038346	37038346	C	C	T	Intron	SNP	25	66	0.27472527472527475	True	True	False	Unknown		Unknown																					
BS_02YBZSBY	GRCh38	MLH1	ENST00000231790			chr3	37038477	37038477	C	C	A	Intron	SNP	28	57	0.32941176470588235	True	True	False	Unknown		Unknown																					
BS_02YBZSBY	GRCh38	MLH1	ENST00000231790			chr3	37043280	37043280	G	G	A	Intron	SNP	39	69	0.3611111111111111	True	True	False	Unknown		Unknown																					
BS_02YBZSBY	GRCh38	MLH1	ENST00000231790			chr3	37044903	37044903	C	C	T	Intron	SNP	40	76	0.3448275862068966	True	True	False	Unknown		Unknown																					
BS_02YBZSBY	GRCh38	MLH1	ENST00000231790			chr3	37045817	37045817	C	C	T	Intron	SNP	30	55	0.35294117647058826	True	True	False	Unknown		Unknown																					
BS_02YBZSBY	GRCh38	MLH1	ENST00000231790			chr3	37046900	37046900	G	G	A	Intron	SNP	20	51	0.28169014084507044	True	True	False	Unknown		Unknown																					
BS_02YBZSBY	GRCh38	RFC4	ENST00000392481			chr3	186790262	186790263	-	-	A	Splice_Region	INS	22	55	0.2857142857142857	True	False	False	Unknown		Unknown																					
BS_02YBZSBY	GRCh38	RFC4	ENST00000392481			chr3	186793438	186793438	A	A	G	Intron	SNP	34	59	0.3655913978494624	True	False	False	Unknown		Unknown																					
BS_02YBZSBY	GRCh38	RFC4	ENST00000392481			chr3	186798568	186798568	A	A	G	Intron	SNP	28	68	0.2916666666666667	True	False	False	Unknown		Unknown																					
BS_02YBZSBY	GRCh38	RFC4	ENST00000392481			chr3	186799474	186799474	G	G	A	Intron	SNP	34	54	0.38636363636363635	True	False	False	Unknown		Unknown																					
BS_02YBZSBY	GRCh38	RFC4	ENST00000392481			chr3	186802330	186802331	-	-	A	Intron	INS	23	44	0.34328358208955223	True	False	False	Unknown		Unknown																					
BS_02YBZSBY	GRCh38	RFC4	ENST00000392481			chr3	186809062	186809063	-	-	T	5'Flank	INS	26	78	0.25	True	False	False	Unknown		Unknown																					
BS_02YBZSBY	GRCh38	RFC1	ENST00000381897			chr4	39295954	39295954	C	C	T	Intron	SNP	33	64	0.3402061855670103	True	False	False	Unknown		Unknown																					
BS_02YBZSBY	GRCh38	RFC1	ENST00000381897			chr4	39298622	39298622	G	G	A	Intron	SNP	16	60	0.21052631578947367	True	False	False	Unknown		Unknown																					
BS_02YBZSBY	GRCh38	RFC1	ENST00000381897			chr4	39303733	39303733	C	C	T	Intron	SNP	31	50	0.38271604938271603	True	False	False	Unknown		Unknown																					
BS_02YBZSBY	GRCh38	RFC1	ENST00000381897			chr4	39311001	39311001	C	C	T	Intron	SNP	29	59	0.32954545454545453	True	False	False	Unknown		Unknown																					
BS_02YBZSBY	GRCh38	RFC1	ENST00000381897			chr4	39327130	39327130	A	A	G	Intron	SNP	26	59	0.3058823529411765	True	False	False	Unknown		Unknown																					
BS_02YBZSBY	GRCh38	RFC1	ENST00000381897			chr4	39329461	39329461	G	G	A	Intron	SNP	24	63	0.27586206896551724	True	False	False	Unknown		Unknown																					
BS_02YBZSBY	GRCh38	RFC1	ENST00000381897			chr4	39330684	39330684	C	C	T	Intron	SNP	26	61	0.2988505747126437	True	False	False	Unknown		Unknown																					
BS_02YBZSBY	GRCh38	RFC1	ENST00000381897			chr4	39343031	39343032	-	-	T	Intron	INS	36	56	0.391304347826087	True	False	False	Unknown		Unknown																					
BS_02YBZSBY	GRCh38	RFC1	ENST00000381897			chr4	39343720	39343720	A	A	G	Intron	SNP	29	58	0.3333333333333333	True	False	False	Unknown		Unknown																					
BS_02YBZSBY	GRCh38	RFC1	ENST00000381897			chr4	39350843	39350843	G	G	T	Intron	SNP	31	84	0.26956521739130435	True	False	False	Unknown		Unknown																					
BS_02YBZSBY	GRCh38	RFC1	ENST00000381897			chr4	39355350	39355350	G	G	A	Intron	SNP	25	45	0.35714285714285715	True	False	False	Unknown		Unknown																					
BS_02YBZSBY	GRCh38	RFC1	ENST00000381897			chr4	39358401	39358401	G	G	A	Intron	SNP	37	90	0.29133858267716534	True	False	False	Unknown		Unknown																					
BS_02YBZSBY	GRCh38	RFC1	ENST00000381897			chr4	39362518	39362518	C	C	T	Intron	SNP	9	85	0.09574468085106383	True	False	False	Unknown		Unknown																					
BS_02YBZSBY	GRCh38	RFC1	ENST00000381897			chr4	39366771	39366771	C	C	T	5'Flank	SNP	28	47	0.37333333333333335	True	False	False	Unknown		Unknown																					
BS_02YBZSBY	GRCh38	TERT	ENST00000310581			chr5	1250023	1250023	T	T	C	3'Flank	SNP	31	48	0.3924050632911392	True	True	False	Unknown		Unknown																					
BS_02YBZSBY	GRCh38	TERT	ENST00000310581			chr5	1258008	1258008	G	G	T	Intron	SNP	29	61	0.32222222222222224	True	True	False	Unknown		Unknown																					
BS_02YBZSBY	GRCh38	TERT	ENST00000310581			chr5	1265350	1265350	C	C	T	Intron	SNP	22	68	0.24444444444444444	True	True	False	Unknown		Unknown																					
BS_02YBZSBY	GRCh38	TERT	ENST00000310581			chr5	1267891	1267891	A	A	G	Intron	SNP	23	53	0.3026315789473684	True	True	False	Unknown		Unknown																					
BS_02YBZSBY	GRCh38	TERT	ENST00000310581			chr5	1269461	1269461	T	T	A	Intron	SNP	30	72	0.29411764705882354	True	True	False	Unknown		Unknown																					
BS_02YBZSBY	GRCh38	TERT	ENST00000310581			chr5	1269711	1269711	G	G	A	Intron	SNP	28	53	0.345679012345679	True	True	False	Unknown		Unknown																					
BS_02YBZSBY	GRCh38	TERT	ENST00000310581			chr5	1270984	1270984	G	G	A	Intron	SNP	28	71	0.2828282828282828	True	True	False	Unknown		Unknown																					
BS_02YBZSBY	GRCh38	TERT	ENST00000310581			chr5	1272435	1272435	G	G	A	Intron	SNP	33	59	0.358695652173913	True	True	False	Unknown		Unknown																					
BS_02YBZSBY	GRCh38	TERT	ENST00000310581			chr5	1274522	1274522	C	C	T	Intron	SNP	30	66	0.3125	True	True	False	Unknown		Unknown																					
BS_02YBZSBY	GRCh38	TERT	ENST00000310581			chr5	1274612	1274612	C	C	T	Intron	SNP	31	67	0.3163265306122449	True	True	False	Unknown		Unknown																					
BS_02YBZSBY	GRCh38	TERT	ENST00000310581			chr5	1275101	1275101	G	G	A	Intron	SNP	9	61	0.12857142857142856	True	True	False	Unknown		Unknown																					
BS_02YBZSBY	GRCh38	TERT	ENST00000310581			chr5	1276919	1276919	G	G	T	Intron	SNP	30	68	0.30612244897959184	True	True	False	Unknown		Unknown																					
BS_02YBZSBY	GRCh38	TERT	ENST00000310581			chr5	1278812	1278812	C	C	T	Intron	SNP	36	45	0.4444444444444444	True	True	False	Unknown		Unknown																					
BS_02YBZSBY	GRCh38	TERT	ENST00000310581			chr5	1279513	1279513	G	G	A	Intron	SNP	30	66	0.3125	True	True	False	Unknown		Unknown																					
BS_02YBZSBY	GRCh38	TERT	ENST00000310581			chr5	1287932	1287932	G	G	A	Intron	SNP	11	52	0.1746031746031746	True	True	False	Unknown		Unknown																					
BS_02YBZSBY	GRCh38	TERT	ENST00000310581			chr5	1288837	1288837	G	G	T	Intron	SNP	20	52	0.2777777777777778	True	True	False	Unknown		Unknown																					
BS_02YBZSBY	GRCh38	TERT	ENST00000310581			chr5	1293101	1293101	C	C	T	Intron	SNP	28	49	0.36363636363636365	True	True	False	Unknown		Unknown																					
BS_02YBZSBY	GRCh38	TERT	ENST00000310581			chr5	1295442	1295442	C	C	T	5'Flank	SNP	32	57	0.3595505617977528	True	True	True	Gain-of-function	24657534;25048572;23530248;23348506;23348503;23887589	Oncogenic																					
BS_02YBZSBY	GRCh38	MSH3	ENST00000265081			chr5	80655193	80655193	A	A	T	Intron	SNP	19	51	0.2714285714285714	True	True	False	Unknown		Unknown																					
BS_02YBZSBY	GRCh38	MSH3	ENST00000265081			chr5	80655327	80655328	-	-	A	Intron	INS	25	52	0.3246753246753247	True	True	False	Unknown		Unknown																					
BS_02YBZSBY	GRCh38	MSH3	ENST00000265081			chr5	80656156	80656156	G	G	A	Intron	SNP	30	47	0.38961038961038963	True	True	False	Unknown		Unknown																					
BS_02YBZSBY	GRCh38	MSH3	ENST00000265081			chr5	80658283	80658283	T	T	C	Intron	SNP	36	49	0.4235294117647059	True	True	False	Unknown		Unknown																					
BS_02YBZSBY	GRCh38	MSH3	ENST00000265081			chr5	80658312	80658312	G	G	A	Intron	SNP	29	69	0.29591836734693877	True	True	False	Unknown		Unknown																					
BS_02YBZSBY	GRCh38	MSH3	ENST00000265081			chr5	80659672	80659672	G	G	A	Intron	SNP	37	61	0.37755102040816324	True	True	False	Unknown		Unknown																					
BS_02YBZSBY	GRCh38	MSH3	ENST00000265081			chr5	80663079	80663080	-	-	A	Intron	INS	28	76	0.2692307692307692	True	True	False	Unknown		Unknown																					
BS_02YBZSBY	GRCh38	MSH3	ENST00000265081			chr5	80668657	80668657	G	G	A	Intron	SNP	9	106	0.0782608695652174	True	True	False	Unknown		Unknown																					
BS_02YBZSBY	GRCh38	MSH3	ENST00000265081			chr5	80672718	80672718	A	A	G	Intron	SNP	29	52	0.35802469135802467	True	True	False	Unknown		Unknown																					
BS_02YBZSBY	GRCh38	MSH3	ENST00000265081			chr5	80676863	80676863	T	T	G	Intron	SNP	30	51	0.37037037037037035	True	True	False	Unknown		Unknown																					
BS_02YBZSBY	GRCh38	MSH3	ENST00000265081	p.S412L	p.Ser412Leu	chr5	80678988	80678988	C	C	T	Missense_Mutation	SNP	7	68	0.09333333333333334	True	True	False	Unknown		Unknown																					
BS_02YBZSBY	GRCh38	MSH3	ENST00000265081			chr5	80680175	80680175	G	G	A	Intron	SNP	26	58	0.30952380952380953	True	True	False	Unknown		Unknown																					
BS_02YBZSBY	GRCh38	MSH3	ENST00000265081			chr5	80684753	80684753	G	G	T	Intron	SNP	30	64	0.3191489361702128	True	True	False	Unknown		Unknown																					
BS_02YBZSBY	GRCh38	MSH3	ENST00000265081			chr5	80690139	80690139	G	G	A	Intron	SNP	29	60	0.3258426966292135	True	True	False	Unknown		Unknown																					
BS_02YBZSBY	GRCh38	MSH3	ENST00000265081			chr5	80700786	80700786	G	G	A	Intron	SNP	34	62	0.3541666666666667	True	True	False	Unknown		Unknown																					
BS_02YBZSBY	GRCh38	MSH3	ENST00000265081			chr5	80704165	80704165	G	G	A	Intron	SNP	32	56	0.36363636363636365	True	True	False	Unknown		Unknown																					
BS_02YBZSBY	GRCh38	MSH3	ENST00000265081			chr5	80704328	80704328	A	A	C	Intron	SNP	31	58	0.34831460674157305	True	True	False	Unknown		Unknown																					
BS_02YBZSBY	GRCh38	MSH3	ENST00000265081			chr5	80708058	80708058	G	G	T	Intron	SNP	19	80	0.1919191919191919	True	True	False	Unknown		Unknown																					
BS_02YBZSBY	GRCh38	MSH3	ENST00000265081			chr5	80709361	80709361	G	G	A	Intron	SNP	28	43	0.39436619718309857	True	True	False	Unknown		Unknown																					
BS_02YBZSBY	GRCh38	MSH3	ENST00000265081			chr5	80710838	80710838	G	G	A	Intron	SNP	23	52	0.30666666666666664	True	True	False	Unknown		Unknown																					
BS_02YBZSBY	GRCh38	MSH3	ENST00000265081			chr5	80711951	80711951	G	G	A	Intron	SNP	27	80	0.2523364485981308	True	True	False	Unknown		Unknown																					
BS_02YBZSBY	GRCh38	MSH3	ENST00000265081			chr5	80717248	80717248	T	T	C	Intron	SNP	24	52	0.3157894736842105	True	True	False	Unknown		Unknown																					
BS_02YBZSBY	GRCh38	MSH3	ENST00000265081			chr5	80717763	80717763	G	G	A	Intron	SNP	29	60	0.3258426966292135	True	True	False	Unknown		Unknown																					
BS_02YBZSBY	GRCh38	MSH3	ENST00000265081			chr5	80717765	80717766	-	-	T	Intron	INS	28	62	0.3111111111111111	True	True	False	Unknown		Unknown																					
BS_02YBZSBY	GRCh38	MSH3	ENST00000265081			chr5	80719134	80719134	G	G	A	Intron	SNP	27	54	0.3333333333333333	True	True	False	Unknown		Unknown																					
BS_02YBZSBY	GRCh38	MSH3	ENST00000265081			chr5	80719388	80719388	G	G	A	Intron	SNP	27	55	0.32926829268292684	True	True	False	Unknown		Unknown																					
BS_02YBZSBY	GRCh38	MSH3	ENST00000265081			chr5	80727908	80727908	G	G	T	Intron	SNP	23	62	0.27058823529411763	True	True	False	Unknown		Unknown																					
BS_02YBZSBY	GRCh38	MSH3	ENST00000265081			chr5	80731058	80731058	G	G	A	Intron	SNP	23	44	0.34328358208955223	True	True	False	Unknown		Unknown																					
BS_02YBZSBY	GRCh38	MSH3	ENST00000265081			chr5	80734381	80734381	G	G	-	Intron	DEL	37	67	0.3557692307692308	True	True	False	Unknown		Unknown																					
BS_02YBZSBY	GRCh38	MSH3	ENST00000265081			chr5	80735467	80735467	G	G	A	Intron	SNP	20	48	0.29411764705882354	True	True	False	Unknown		Unknown																					
BS_02YBZSBY	GRCh38	MSH3	ENST00000265081			chr5	80752293	80752293	G	G	T	Intron	SNP	42	66	0.3888888888888889	True	True	False	Unknown		Unknown																					
BS_02YBZSBY	GRCh38	MSH3	ENST00000265081			chr5	80757059	80757059	C	C	-	Intron	DEL	26	64	0.28888888888888886	True	True	False	Unknown		Unknown																					
BS_02YBZSBY	GRCh38	MSH3	ENST00000265081			chr5	80759768	80759768	C	C	A	Intron	SNP	27	73	0.27	True	True	False	Unknown		Unknown																					
BS_02YBZSBY	GRCh38	MSH3	ENST00000265081			chr5	80763099	80763099	G	G	A	Intron	SNP	25	61	0.29069767441860467	True	True	False	Unknown		Unknown																					
BS_02YBZSBY	GRCh38	MSH3	ENST00000265081			chr5	80768335	80768335	T	T	C	Intron	SNP	25	67	0.2717391304347826	True	True	False	Unknown		Unknown																					
BS_02YBZSBY	GRCh38	MSH3	ENST00000265081			chr5	80769434	80769435	-	-	A	Intron	INS	26	60	0.3023255813953488	True	True	False	Unknown		Unknown																					
BS_02YBZSBY	GRCh38	MSH3	ENST00000265081			chr5	80774575	80774575	G	G	T	Intron	SNP	39	60	0.3939393939393939	True	True	False	Unknown		Unknown																					
BS_02YBZSBY	GRCh38	MSH3	ENST00000265081			chr5	80776925	80776925	T	T	C	Intron	SNP	11	38	0.22448979591836735	True	True	False	Unknown		Unknown																					
BS_02YBZSBY	GRCh38	MSH3	ENST00000265081			chr5	80779716	80779716	G	G	A	Intron	SNP	30	57	0.3448275862068966	True	True	False	Unknown		Unknown																					
BS_02YBZSBY	GRCh38	MSH3	ENST00000265081			chr5	80779891	80779891	T	T	C	Intron	SNP	33	75	0.3055555555555556	True	True	False	Unknown		Unknown																					
BS_02YBZSBY	GRCh38	MSH3	ENST00000265081			chr5	80789989	80789989	A	A	G	Intron	SNP	37	55	0.40217391304347827	True	True	False	Unknown		Unknown																					
BS_02YBZSBY	GRCh38	MSH3	ENST00000265081			chr5	80797063	80797063	A	A	G	Intron	SNP	12	35	0.2553191489361702	True	True	False	Unknown		Unknown																					
BS_02YBZSBY	GRCh38	MSH3	ENST00000265081			chr5	80798673	80798673	C	C	T	Intron	SNP	43	70	0.3805309734513274	True	True	False	Unknown		Unknown																					
BS_02YBZSBY	GRCh38	MSH3	ENST00000265081			chr5	80800391	80800391	T	T	C	Intron	SNP	27	69	0.28125	True	True	False	Unknown		Unknown																					
BS_02YBZSBY	GRCh38	MSH3	ENST00000265081			chr5	80801765	80801765	T	T	C	Intron	SNP	27	61	0.3068181818181818	True	True	False	Unknown		Unknown																					
BS_02YBZSBY	GRCh38	MSH3	ENST00000265081			chr5	80802860	80802860	T	T	C	Intron	SNP	34	55	0.38202247191011235	True	True	False	Unknown		Unknown																					
BS_02YBZSBY	GRCh38	MSH3	ENST00000265081			chr5	80809691	80809691	T	T	A	Intron	SNP	34	66	0.34	True	True	False	Unknown		Unknown																					
BS_02YBZSBY	GRCh38	MSH3	ENST00000265081			chr5	80809718	80809718	A	A	G	Intron	SNP	32	65	0.32989690721649484	True	True	False	Unknown		Unknown																					
BS_02YBZSBY	GRCh38	MSH3	ENST00000265081			chr5	80816266	80816266	G	G	A	Intron	SNP	40	66	0.37735849056603776	True	True	False	Unknown		Unknown																					
BS_02YBZSBY	GRCh38	MSH3	ENST00000265081			chr5	80817560	80817561	-	-	A	Intron	INS	25	68	0.26881720430107525	True	True	False	Unknown		Unknown																					
BS_02YBZSBY	GRCh38	MSH3	ENST00000265081			chr5	80819090	80819091	-	-	T	Intron	INS	24	41	0.36923076923076925	True	True	False	Unknown		Unknown																					
BS_02YBZSBY	GRCh38	MSH3	ENST00000265081			chr5	80831982	80831982	C	C	T	Intron	SNP	18	51	0.2608695652173913	True	True	False	Unknown		Unknown																					
BS_02YBZSBY	GRCh38	MSH3	ENST00000265081			chr5	80842282	80842282	G	G	T	Intron	SNP	32	73	0.3047619047619048	True	True	False	Unknown		Unknown																					
BS_02YBZSBY	GRCh38	MSH3	ENST00000265081			chr5	80847773	80847773	T	T	G	Intron	SNP	36	80	0.3103448275862069	True	True	False	Unknown		Unknown																					
BS_02YBZSBY	GRCh38	MSH3	ENST00000265081			chr5	80847975	80847975	T	T	C	Intron	SNP	43	70	0.3805309734513274	True	True	False	Unknown		Unknown																					
BS_02YBZSBY	GRCh38	MSH3	ENST00000265081			chr5	80850543	80850543	G	G	A	Intron	SNP	29	69	0.29591836734693877	True	True	False	Unknown		Unknown																					
BS_02YBZSBY	GRCh38	MSH3	ENST00000265081			chr5	80850887	80850887	A	A	G	Intron	SNP	38	61	0.3838383838383838	True	True	False	Unknown		Unknown																					
BS_02YBZSBY	GRCh38	MSH3	ENST00000265081			chr5	80856002	80856002	G	G	A	Intron	SNP	26	48	0.35135135135135137	True	True	False	Unknown		Unknown																					
BS_02YBZSBY	GRCh38	MSH3	ENST00000265081			chr5	80864799	80864799	T	T	C	Intron	SNP	25	60	0.29411764705882354	True	True	False	Unknown		Unknown																					
BS_02YBZSBY	GRCh38	MSH3	ENST00000265081			chr5	80876635	80876635	A	A	G	3'Flank	SNP	21	34	0.38181818181818183	True	True	False	Unknown		Unknown																					
BS_02YBZSBY	GRCh38	MSH3	ENST00000265081			chr5	80876637	80876642	AAAAAG	AAAAAG	-	3'Flank	DEL	18	43	0.29508196721311475	True	True	False	Unknown		Unknown																					
BS_02YBZSBY	GRCh38	MSH3	ENST00000265081			chr5	80878118	80878118	G	G	A	3'Flank	SNP	38	62	0.38	True	True	False	Unknown		Unknown																					
BS_02YBZSBY	GRCh38	DAXX	ENST00000374542	p.R360H	p.Arg360His	chr6	33320552	33320552	C	C	T	Missense_Mutation	SNP	36	70	0.33962264150943394	True	True	False	Unknown		Unknown																					
BS_02YBZSBY	GRCh38	PMS2	ENST00000265849			chr7	5973197	5973197	G	G	A	3'Flank	SNP	25	12	0.6756756756756757	True	True	False	Unknown		Unknown																					
BS_02YBZSBY	GRCh38	PMS2	ENST00000265849			chr7	5980738	5980738	C	C	T	Intron	SNP	24	47	0.3380281690140845	True	True	False	Unknown		Unknown																					
BS_02YBZSBY	GRCh38	PMS2	ENST00000265849			chr7	5988845	5988846	-	-	T	Intron	INS	17	71	0.19318181818181818	True	True	False	Unknown		Unknown																					
BS_02YBZSBY	GRCh38	PMS2	ENST00000265849			chr7	5989001	5989001	G	G	A	Intron	SNP	35	59	0.3723404255319149	True	True	False	Unknown		Unknown																					
BS_02YBZSBY	GRCh38	PMS2	ENST00000265849			chr7	5990287	5990287	C	C	T	Intron	SNP	41	14	0.7454545454545455	True	True	False	Unknown		Unknown																					
BS_02YBZSBY	GRCh38	PMS2	ENST00000265849			chr7	5993470	5993470	T	T	C	Intron	SNP	5	26	0.16129032258064516	True	True	False	Unknown		Unknown																					
BS_02YBZSBY	GRCh38	PMS2	ENST00000265849			chr7	5999356	5999356	G	G	A	Intron	SNP	39	49	0.4431818181818182	True	True	False	Unknown		Unknown																					
BS_02YBZSBY	GRCh38	PMS2	ENST00000265849			chr7	6001855	6001855	T	T	C	Intron	SNP	30	38	0.4411764705882353	True	True	False	Unknown		Unknown																					
BS_02YBZSBY	GRCh38	PMS2	ENST00000265849			chr7	6002263	6002263	T	T	C	Intron	SNP	34	58	0.3695652173913043	True	True	False	Unknown		Unknown																					
BS_02YBZSBY	GRCh38	PMS2	ENST00000265849			chr7	6003045	6003045	G	G	T	Intron	SNP	41	49	0.45555555555555555	True	True	False	Unknown		Unknown																					
BS_02YBZSBY	GRCh38	RPA3	ENST00000223129			chr7	7631924	7631924	G	G	A	3'Flank	SNP	42	57	0.42424242424242425	True	False	False	Unknown		Unknown																					
BS_02YBZSBY	GRCh38	RPA3	ENST00000223129			chr7	7637793	7637793	A	A	G	Intron	SNP	40	88	0.3125	True	False	False	Unknown		Unknown																					
BS_02YBZSBY	GRCh38	RPA3	ENST00000223129			chr7	7638151	7638151	G	G	T	Intron	SNP	22	64	0.2558139534883721	True	False	False	Unknown		Unknown																					
BS_02YBZSBY	GRCh38	RPA3	ENST00000223129			chr7	7638871	7638871	G	G	A	Intron	SNP	32	85	0.27350427350427353	True	False	False	Unknown		Unknown																					
BS_02YBZSBY	GRCh38	RPA3	ENST00000223129			chr7	7642325	7642326	-	-	T	Intron	INS	23	72	0.24210526315789474	True	False	False	Unknown		Unknown																					
BS_02YBZSBY	GRCh38	RPA3	ENST00000223129			chr7	7648826	7648826	C	C	A	Intron	SNP	25	53	0.32051282051282054	True	False	False	Unknown		Unknown																					
BS_02YBZSBY	GRCh38	RPA3	ENST00000223129			chr7	7656781	7656781	G	G	A	Intron	SNP	38	64	0.37254901960784315	True	False	False	Unknown		Unknown																					
BS_02YBZSBY	GRCh38	RPA3	ENST00000223129			chr7	7660733	7660734	-	-	T	Intron	INS	36	61	0.3711340206185567	True	False	False	Unknown		Unknown																					
BS_02YBZSBY	GRCh38	RPA3	ENST00000223129			chr7	7663029	7663029	G	G	T	Intron	SNP	34	72	0.32075471698113206	True	False	False	Unknown		Unknown																					
BS_02YBZSBY	GRCh38	RPA3	ENST00000223129			chr7	7667414	7667414	G	G	A	Intron	SNP	42	64	0.39622641509433965	True	False	False	Unknown		Unknown																					
BS_02YBZSBY	GRCh38	RPA3	ENST00000223129			chr7	7683260	7683261	-	-	A	Intron	INS	31	64	0.3263157894736842	True	False	False	Unknown		Unknown																					
BS_02YBZSBY	GRCh38	RPA3	ENST00000223129			chr7	7698543	7698544	-	-	T	Intron	INS	30	67	0.30927835051546393	True	False	False	Unknown		Unknown																					
BS_02YBZSBY	GRCh38	RPA3	ENST00000223129			chr7	7716281	7716281	G	G	A	Intron	SNP	43	77	0.35833333333333334	True	False	False	Unknown		Unknown																					
BS_02YBZSBY	GRCh38	POLD2	ENST00000610533			chr7	44115054	44115054	A	A	G	Intron	SNP	27	60	0.3103448275862069	True	False	False	Unknown		Unknown																					
BS_02YBZSBY	GRCh38	POLD2	ENST00000610533	p.R405Q	p.Arg405Gln	chr7	44115804	44115804	C	C	T	Missense_Mutation	SNP	27	57	0.32142857142857145	True	False	False	Unknown		Unknown																					
BS_02YBZSBY	GRCh38	POLD2	ENST00000610533			chr7	44117570	44117570	G	G	A	Intron	SNP	21	46	0.31343283582089554	True	False	False	Unknown		Unknown																					
BS_02YBZSBY	GRCh38	POLD2	ENST00000610533			chr7	44118771	44118771	G	G	A	Intron	SNP	22	47	0.3188405797101449	True	False	False	Unknown		Unknown																					
BS_02YBZSBY	GRCh38	POLD2	ENST00000610533			chr7	44120256	44120256	G	G	A	Intron	SNP	19	63	0.23170731707317074	True	False	False	Unknown		Unknown																					
BS_02YBZSBY	GRCh38	POLD2	ENST00000610533			chr7	44123705	44123705	G	G	A	5'Flank	SNP	35	57	0.3804347826086957	True	False	False	Unknown		Unknown																					
BS_02YBZSBY	GRCh38	POLD2	ENST00000610533			chr7	44124058	44124058	C	C	T	5'Flank	SNP	24	58	0.2926829268292683	True	False	False	Unknown		Unknown																					
BS_02YBZSBY	GRCh38	POLD2	ENST00000610533			chr7	44126564	44126564	G	G	A	5'Flank	SNP	35	73	0.32407407407407407	True	False	False	Unknown		Unknown																					
BS_02YBZSBY	GRCh38	POLD2	ENST00000610533			chr7	44127968	44127968	A	A	G	5'Flank	SNP	29	63	0.31521739130434784	True	False	False	Unknown		Unknown																					
BS_02YBZSBY	GRCh38	RFC2	ENST00000055077			chr7	74231200	74231200	C	C	T	3'Flank	SNP	31	59	0.34444444444444444	True	False	False	Unknown		Unknown																					
BS_02YBZSBY	GRCh38	RFC2	ENST00000055077			chr7	74235041	74235042	-	-	TT	Intron	INS	29	38	0.43283582089552236	True	False	False	Unknown		Unknown																					
BS_02YBZSBY	GRCh38	RFC2	ENST00000055077			chr7	74241235	74241235	C	C	T	Intron	SNP	21	62	0.25301204819277107	True	False	False	Unknown		Unknown																					
BS_02YBZSBY	GRCh38	RFC2	ENST00000055077	p.A168T	p.Ala168Thr	chr7	74243179	74243179	C	C	T	Missense_Mutation	SNP	26	49	0.3466666666666667	True	False	False	Unknown		Unknown																					
BS_02YBZSBY	GRCh38	RFC2	ENST00000055077			chr7	74246859	74246859	G	G	A	Intron	SNP	27	64	0.2967032967032967	True	False	False	Unknown		Unknown																					
BS_02YBZSBY	GRCh38	RFC2	ENST00000055077			chr7	74250794	74250795	-	-	T	Intron	INS	21	55	0.27631578947368424	True	False	False	Unknown		Unknown																					
BS_02YBZSBY	GRCh38	RFC2	ENST00000055077			chr7	74252173	74252173	C	C	T	Intron	SNP	15	37	0.28846153846153844	True	False	False	Unknown		Unknown																					
BS_02YBZSBY	GRCh38	RFC2	ENST00000055077			chr7	74256087	74256087	C	C	T	5'Flank	SNP	25	65	0.2777777777777778	True	False	False	Unknown		Unknown																					
BS_02YBZSBY	GRCh38	RFC2	ENST00000055077			chr7	74257464	74257464	T	T	G	5'Flank	SNP	28	63	0.3076923076923077	True	False	False	Unknown		Unknown																					
BS_02YBZSBY	GRCh38	SSBP1	ENST00000481508			chr7	141735759	141735759	A	A	G	5'Flank	SNP	22	48	0.3142857142857143	True	False	False	Unknown		Unknown																					
BS_02YBZSBY	GRCh38	SSBP1	ENST00000481508	p.S23N	p.Ser23Asn	chr7	141742212	141742212	G	G	A	Missense_Mutation	SNP	20	87	0.18691588785046728	True	False	False	Unknown		Unknown																					
BS_02YBZSBY	GRCh38	SSBP1	ENST00000481508			chr7	141747601	141747601	G	G	A	Intron	SNP	25	51	0.32894736842105265	True	False	False	Unknown		Unknown																					
BS_02YBZSBY	GRCh38	SSBP1	ENST00000481508			chr7	141749809	141749809	T	T	C	Intron	SNP	40	48	0.45454545454545453	True	False	False	Unknown		Unknown																					
BS_02YBZSBY	GRCh38	SSBP1	ENST00000481508			chr7	141755152	141755152	G	G	A	3'Flank	SNP	25	58	0.30120481927710846	True	False	False	Unknown		Unknown																					
BS_02YBZSBY	GRCh38	POLD4	ENST00000312419			chr11	67347435	67347435	A	A	-	3'Flank	DEL	29	48	0.37662337662337664	True	False	False	Unknown		Unknown																					
BS_02YBZSBY	GRCh38	POLD4	ENST00000312419			chr11	67352274	67352274	C	C	A	Intron	SNP	14	51	0.2153846153846154	True	False	False	Unknown		Unknown																					
BS_02YBZSBY	GRCh38	POLD4	ENST00000312419			chr11	67352378	67352378	C	C	T	Intron	SNP	16	46	0.25806451612903225	True	False	False	Unknown		Unknown																					
BS_02YBZSBY	GRCh38	POLD4	ENST00000312419			chr11	67355065	67355065	G	G	A	5'Flank	SNP	28	57	0.32941176470588235	True	False	False	Unknown		Unknown																					
BS_02YBZSBY	GRCh38	POLD4	ENST00000312419			chr11	67356782	67356782	C	C	T	5'Flank	SNP	7	73	0.0875	True	False	False	Unknown		Unknown																					
BS_02YBZSBY	GRCh38	POLD4	ENST00000312419			chr11	67356819	67356819	C	C	T	5'Flank	SNP	27	61	0.3068181818181818	True	False	False	Unknown		Unknown																					
BS_02YBZSBY	GRCh38	POLD3	ENST00000528481			chr11	74513824	74513824	T	T	C	Intron	SNP	42	78	0.35	True	False	False	Unknown		Unknown																					
BS_02YBZSBY	GRCh38	POLD3	ENST00000528481			chr11	74518596	74518596	G	G	A	Intron	SNP	22	64	0.2558139534883721	True	False	False	Unknown		Unknown																					
BS_02YBZSBY	GRCh38	POLD3	ENST00000528481			chr11	74518601	74518601	A	A	G	Intron	SNP	26	63	0.29213483146067415	True	False	False	Unknown		Unknown																					
BS_02YBZSBY	GRCh38	POLD3	ENST00000528481			chr11	74519574	74519575	-	-	A	Intron	INS	24	44	0.35294117647058826	True	False	False	Unknown		Unknown																					
BS_02YBZSBY	GRCh38	POLD3	ENST00000528481			chr11	74522868	74522868	T	T	C	Intron	SNP	34	47	0.41975308641975306	True	False	False	Unknown		Unknown																					
BS_02YBZSBY	GRCh38	POLD3	ENST00000528481			chr11	74524612	74524612	A	A	G	Intron	SNP	28	66	0.2978723404255319	True	False	False	Unknown		Unknown																					
BS_02YBZSBY	GRCh38	POLD3	ENST00000528481			chr11	74525082	74525082	A	A	G	Intron	SNP	29	88	0.24786324786324787	True	False	False	Unknown		Unknown																					
BS_02YBZSBY	GRCh38	POLD3	ENST00000528481			chr11	74542667	74542667	C	C	T	Intron	SNP	29	67	0.3020833333333333	True	False	False	Unknown		Unknown																					
BS_02YBZSBY	GRCh38	POLD3	ENST00000528481			chr11	74542905	74542905	G	G	A	Intron	SNP	51	78	0.3953488372093023	True	False	False	Unknown		Unknown																					
BS_02YBZSBY	GRCh38	POLD3	ENST00000528481			chr11	74545644	74545644	T	T	G	Intron	SNP	37	65	0.3627450980392157	True	False	False	Unknown		Unknown																					
BS_02YBZSBY	GRCh38	POLD3	ENST00000528481			chr11	74552267	74552267	C	C	T	Intron	SNP	44	42	0.5116279069767442	True	False	False	Unknown		Unknown																					
BS_02YBZSBY	GRCh38	POLD3	ENST00000528481			chr11	74552377	74552377	C	C	A	Intron	SNP	32	65	0.32989690721649484	True	False	False	Unknown		Unknown																					
BS_02YBZSBY	GRCh38	POLD3	ENST00000528481			chr11	74552655	74552655	G	G	A	Intron	SNP	39	48	0.4482758620689655	True	False	False	Unknown		Unknown																					
BS_02YBZSBY	GRCh38	POLD3	ENST00000528481			chr11	74553915	74553915	G	G	A	Intron	SNP	23	51	0.3108108108108108	True	False	False	Unknown		Unknown																					
BS_02YBZSBY	GRCh38	POLD3	ENST00000528481			chr11	74560824	74560824	T	T	C	Intron	SNP	38	51	0.42696629213483145	True	False	False	Unknown		Unknown																					
BS_02YBZSBY	GRCh38	POLD3	ENST00000528481			chr11	74561331	74561331	C	C	T	Intron	SNP	29	47	0.3815789473684211	True	False	False	Unknown		Unknown																					
BS_02YBZSBY	GRCh38	POLD3	ENST00000528481			chr11	74565428	74565428	G	G	A	Intron	SNP	35	65	0.35	True	False	False	Unknown		Unknown																					
BS_02YBZSBY	GRCh38	POLD3	ENST00000528481			chr11	74567157	74567157	A	A	G	Intron	SNP	26	45	0.36619718309859156	True	False	False	Unknown		Unknown																					
BS_02YBZSBY	GRCh38	POLD3	ENST00000528481			chr11	74575118	74575118	C	C	T	Intron	SNP	27	60	0.3103448275862069	True	False	False	Unknown		Unknown																					
BS_02YBZSBY	GRCh38	POLD3	ENST00000528481			chr11	74576389	74576390	-	-	T	Intron	INS	34	62	0.3541666666666667	True	False	False	Unknown		Unknown																					
BS_02YBZSBY	GRCh38	POLD3	ENST00000528481			chr11	74577138	74577138	C	C	T	Intron	SNP	12	34	0.2608695652173913	True	False	False	Unknown		Unknown																					
BS_02YBZSBY	GRCh38	POLD3	ENST00000528481			chr11	74578418	74578418	G	G	A	Intron	SNP	30	62	0.32608695652173914	True	False	False	Unknown		Unknown																					
BS_02YBZSBY	GRCh38	POLD3	ENST00000528481			chr11	74581775	74581775	G	G	A	Intron	SNP	32	61	0.34408602150537637	True	False	False	Unknown		Unknown																					
BS_02YBZSBY	GRCh38	POLD3	ENST00000528481			chr11	74586252	74586252	G	G	A	Intron	SNP	29	58	0.3333333333333333	True	False	False	Unknown		Unknown																					
BS_02YBZSBY	GRCh38	POLD3	ENST00000263681			chr11	74588892	74588892	G	G	A	5'Flank	SNP	34	61	0.35789473684210527	True	False	False	Unknown		Unknown																					
BS_02YBZSBY	GRCh38	POLD3	ENST00000263681			chr11	74591849	74591849	G	G	A	5'Flank	SNP	29	67	0.3020833333333333	True	False	False	Unknown		Unknown																					
BS_02YBZSBY	GRCh38	POLD3	ENST00000263681			chr11	74594154	74594155	-	-	T	Intron	INS	26	60	0.3023255813953488	True	False	False	Unknown		Unknown																					
BS_02YBZSBY	GRCh38	POLD3	ENST00000263681			chr11	74601203	74601203	G	G	A	Intron	SNP	22	84	0.20754716981132076	True	False	False	Unknown		Unknown																					
BS_02YBZSBY	GRCh38	POLD3	ENST00000263681			chr11	74601466	74601466	G	G	T	Intron	SNP	33	59	0.358695652173913	True	False	False	Unknown		Unknown																					
BS_02YBZSBY	GRCh38	POLD3	ENST00000263681			chr11	74603267	74603267	A	A	G	Intron	SNP	7	107	0.06140350877192982	True	False	False	Unknown		Unknown																					
BS_02YBZSBY	GRCh38	POLD3	ENST00000263681			chr11	74608372	74608372	C	C	T	Intron	SNP	32	73	0.3047619047619048	True	False	False	Unknown		Unknown																					
BS_02YBZSBY	GRCh38	POLD3	ENST00000263681			chr11	74615010	74615010	G	G	A	Intron	SNP	36	51	0.41379310344827586	True	False	False	Unknown		Unknown																					
BS_02YBZSBY	GRCh38	POLD3	ENST00000263681			chr11	74619222	74619223	-	-	T	Intron	INS	10	108	0.0847457627118644	True	False	False	Unknown		Unknown																					
BS_02YBZSBY	GRCh38	POLD3	ENST00000263681			chr11	74619922	74619922	G	G	A	Intron	SNP	21	70	0.23076923076923078	True	False	False	Unknown		Unknown																					
BS_02YBZSBY	GRCh38	POLD3	ENST00000263681			chr11	74621065	74621065	G	G	A	Intron	SNP	27	34	0.4426229508196721	True	False	False	Unknown		Unknown																					
BS_02YBZSBY	GRCh38	POLD3	ENST00000263681			chr11	74623307	74623307	C	C	T	Intron	SNP	34	54	0.38636363636363635	True	False	False	Unknown		Unknown																					
BS_02YBZSBY	GRCh38	POLD3	ENST00000263681			chr11	74630229	74630229	T	T	C	Intron	SNP	22	61	0.26506024096385544	True	False	False	Unknown		Unknown																					
BS_02YBZSBY	GRCh38	POLD3	ENST00000263681			chr11	74634077	74634077	T	T	C	Intron	SNP	21	39	0.35	True	False	False	Unknown		Unknown																					
BS_02YBZSBY	GRCh38	POLD3	ENST00000263681			chr11	74638731	74638731	C	C	T	Intron	SNP	21	73	0.22340425531914893	True	False	False	Unknown		Unknown																					
BS_02YBZSBY	GRCh38	POLD3	ENST00000263681			chr11	74646041	74646041	C	C	T	3'Flank	SNP	18	48	0.2727272727272727	True	False	False	Unknown		Unknown																					
BS_02YBZSBY	GRCh38	POLD3	ENST00000263681			chr11	74646709	74646709	A	A	G	3'Flank	SNP	34	77	0.3063063063063063	True	False	False	Unknown		Unknown																					
BS_02YBZSBY	GRCh38	POLD3	ENST00000524752			chr11	74666554	74666555	GA	GA	-	Intron	DEL	10	86	0.10416666666666667	True	False	False	Unknown		Unknown																					
BS_02YBZSBY	GRCh38	POLD3	ENST00000524752			chr11	74670755	74670755	C	C	T	3'Flank	SNP	19	57	0.25	True	False	False	Unknown		Unknown																					
BS_02YBZSBY	GRCh38	POLD3	ENST00000524752			chr11	74673516	74673516	C	C	T	3'Flank	SNP	35	54	0.39325842696629215	True	False	False	Unknown		Unknown																					
BS_02YBZSBY	GRCh38	RFC5	ENST00000449641			chr12	118010670	118010670	G	G	A	5'Flank	SNP	22	57	0.27848101265822783	True	False	False	Unknown		Unknown																					
BS_02YBZSBY	GRCh38	RFC5	ENST00000454402			chr12	118012754	118012754	G	G	A	5'Flank	SNP	28	69	0.28865979381443296	True	False	False	Unknown		Unknown																					
BS_02YBZSBY	GRCh38	RFC5	ENST00000454402			chr12	118014965	118014965	G	G	A	5'Flank	SNP	33	72	0.3142857142857143	True	False	False	Unknown		Unknown																					
BS_02YBZSBY	GRCh38	RFC5	ENST00000454402			chr12	118018641	118018641	G	G	A	Intron	SNP	47	64	0.42342342342342343	True	False	False	Unknown		Unknown																					
BS_02YBZSBY	GRCh38	RFC5	ENST00000454402			chr12	118021928	118021928	G	G	A	Intron	SNP	13	73	0.1511627906976744	True	False	False	Unknown		Unknown																					
BS_02YBZSBY	GRCh38	RFC5	ENST00000454402			chr12	118028257	118028257	G	G	A	Intron	SNP	28	61	0.3146067415730337	True	False	False	Unknown		Unknown																					
BS_02YBZSBY	GRCh38	RFC5	ENST00000454402			chr12	118028358	118028358	G	G	A	Intron	SNP	25	49	0.33783783783783783	True	False	False	Unknown		Unknown																					
BS_02YBZSBY	GRCh38	RFC5	ENST00000454402			chr12	118030119	118030119	C	C	T	Intron	SNP	6	75	0.07407407407407407	True	False	False	Unknown		Unknown																					
BS_02YBZSBY	GRCh38	POLE	ENST00000320574			chr12	132623169	132623169	G	G	A	3'Flank	SNP	35	55	0.3888888888888889	True	True	False	Unknown		Unknown																					
BS_02YBZSBY	GRCh38	POLE	ENST00000320574			chr12	132623357	132623357	G	G	A	3'Flank	SNP	30	45	0.4	True	True	False	Unknown		Unknown																					
BS_02YBZSBY	GRCh38	POLE	ENST00000320574			chr12	132625865	132625865	G	G	A	Intron	SNP	35	66	0.3465346534653465	True	True	False	Unknown		Unknown																					
BS_02YBZSBY	GRCh38	POLE	ENST00000320574			chr12	132625902	132625902	G	G	A	Intron	SNP	34	61	0.35789473684210527	True	True	False	Unknown		Unknown																					
BS_02YBZSBY	GRCh38	POLE	ENST00000320574			chr12	132626332	132626332	G	G	T	Intron	SNP	22	59	0.2716049382716049	True	True	False	Unknown		Unknown																					
BS_02YBZSBY	GRCh38	POLE	ENST00000320574			chr12	132628585	132628585	G	G	A	Intron	SNP	25	57	0.3048780487804878	True	True	False	Unknown		Unknown																					
BS_02YBZSBY	GRCh38	POLE	ENST00000320574			chr12	132628598	132628598	G	G	A	Intron	SNP	32	52	0.38095238095238093	True	True	False	Unknown		Unknown																					
BS_02YBZSBY	GRCh38	POLE	ENST00000320574			chr12	132629531	132629531	G	G	A	Intron	SNP	22	72	0.23404255319148937	True	True	False	Unknown		Unknown																					
BS_02YBZSBY	GRCh38	POLE	ENST00000320574			chr12	132629903	132629903	G	G	A	Intron	SNP	37	56	0.3978494623655914	True	True	False	Unknown		Unknown																					
BS_02YBZSBY	GRCh38	POLE	ENST00000320574			chr12	132630023	132630023	G	G	A	Intron	SNP	36	70	0.33962264150943394	True	True	False	Unknown		Unknown																					
BS_02YBZSBY	GRCh38	POLE	ENST00000320574			chr12	132631117	132631117	G	G	A	Intron	SNP	34	63	0.35051546391752575	True	True	False	Unknown		Unknown																					
BS_02YBZSBY	GRCh38	POLE	ENST00000320574			chr12	132633626	132633626	G	G	A	Intron	SNP	17	54	0.23943661971830985	True	True	False	Unknown		Unknown																					
BS_02YBZSBY	GRCh38	POLE	ENST00000320574			chr12	132634768	132634768	G	G	A	Intron	SNP	17	63	0.2125	True	True	False	Unknown		Unknown																					
BS_02YBZSBY	GRCh38	POLE	ENST00000320574			chr12	132646124	132646124	A	A	T	Intron	SNP	5	51	0.08928571428571429	True	True	False	Unknown		Unknown																					
BS_02YBZSBY	GRCh38	POLE	ENST00000320574			chr12	132646651	132646651	G	G	T	Intron	SNP	22	49	0.30985915492957744	True	True	False	Unknown		Unknown																					
BS_02YBZSBY	GRCh38	POLE	ENST00000320574			chr12	132648423	132648423	A	A	C	Intron	SNP	27	51	0.34615384615384615	True	True	False	Unknown		Unknown																					
BS_02YBZSBY	GRCh38	POLE	ENST00000320574			chr12	132650444	132650445	GT	GT	AC	Intron	DNP	13	55	0.19117647058823528	True	True	False	Unknown		Unknown																					
BS_02YBZSBY	GRCh38	POLE	ENST00000320574			chr12	132650445	132650445	T	T	C	Intron	SNP	10	35	0.2222222222222222	True	True	False	Unknown		Unknown																					
BS_02YBZSBY	GRCh38	POLE	ENST00000320574			chr12	132653380	132653381	-	-	A	Intron	INS	29	68	0.29896907216494845	True	True	False	Unknown		Unknown																					
BS_02YBZSBY	GRCh38	POLE	ENST00000320574			chr12	132653928	132653928	A	A	T	Intron	SNP	34	62	0.3541666666666667	True	True	False	Unknown		Unknown																					
BS_02YBZSBY	GRCh38	POLE	ENST00000320574			chr12	132655809	132655809	G	G	A	Intron	SNP	25	70	0.2631578947368421	True	True	False	Unknown		Unknown																					
BS_02YBZSBY	GRCh38	POLE	ENST00000320574			chr12	132656648	132656648	G	G	A	Intron	SNP	6	87	0.06451612903225806	True	True	False	Unknown		Unknown																					
BS_02YBZSBY	GRCh38	POLE	ENST00000320574			chr12	132660287	132660287	G	G	A	Intron	SNP	7	94	0.06930693069306931	True	True	False	Unknown		Unknown																					
BS_02YBZSBY	GRCh38	POLE	ENST00000320574			chr12	132660787	132660787	G	G	T	Intron	SNP	26	42	0.38235294117647056	True	True	False	Unknown		Unknown																					
BS_02YBZSBY	GRCh38	POLE	ENST00000320574			chr12	132663254	132663254	G	G	A	Intron	SNP	12	80	0.13043478260869565	True	True	False	Unknown		Unknown																					
BS_02YBZSBY	GRCh38	POLE	ENST00000320574			chr12	132666726	132666726	G	G	A	Intron	SNP	36	68	0.34615384615384615	True	True	False	Unknown		Unknown																					
BS_02YBZSBY	GRCh38	POLE	ENST00000320574	p.Y683=	p.Tyr683=	chr12	132668480	132668480	G	G	A	Silent	SNP	14	44	0.2413793103448276	True	True	False	Unknown		Unknown																					
BS_02YBZSBY	GRCh38	POLE	ENST00000320574			chr12	132670496	132670496	G	G	A	Intron	SNP	27	43	0.38571428571428573	True	True	False	Unknown		Unknown																					
BS_02YBZSBY	GRCh38	POLE	ENST00000320574	p.V593A	p.Val593Ala	chr12	132672231	132672231	A	A	G	Missense_Mutation	SNP	39	64	0.3786407766990291	True	True	False	Unknown		Unknown																					
BS_02YBZSBY	GRCh38	POLE	ENST00000320574	p.A465T	p.Ala465Thr	chr12	132673244	132673244	C	C	T	Missense_Mutation	SNP	19	50	0.2753623188405797	True	True	False	Unknown		Unknown																					
BS_02YBZSBY	GRCh38	POLE	ENST00000320574			chr12	132674748	132674748	G	G	A	Intron	SNP	9	110	0.07563025210084033	True	True	False	Unknown		Unknown																					
BS_02YBZSBY	GRCh38	POLE	ENST00000320574	p.C407=	p.Cys407=	chr12	132675403	132675403	G	G	A	Silent	SNP	25	61	0.29069767441860467	True	True	False	Unknown		Unknown																					
BS_02YBZSBY	GRCh38	POLE	ENST00000320574	p.F367L	p.Phe367Leu	chr12	132675740	132675740	A	A	C	Missense_Mutation	SNP	20	42	0.3225806451612903	True	True	False	Likely Loss-of-function	31829442	Likely Oncogenic																					
BS_02YBZSBY	GRCh38	POLE	ENST00000320574	p.G24=	p.Gly24=	chr12	132681270	132681270	G	G	A	Silent	SNP	36	65	0.3564356435643564	True	True	False	Unknown		Unknown																					
BS_02YBZSBY	GRCh38	POLE	ENST00000320574			chr12	132683584	132683584	G	G	A	Intron	SNP	21	57	0.2692307692307692	True	True	False	Unknown		Unknown																					
BS_02YBZSBY	GRCh38	RFC3	ENST00000380071			chr13	33818011	33818011	T	T	C	5'Flank	SNP	22	58	0.275	True	False	False	Unknown		Unknown																					
BS_02YBZSBY	GRCh38	RFC3	ENST00000380071			chr13	33818866	33818866	A	A	G	Intron	SNP	29	57	0.3372093023255814	True	False	False	Unknown		Unknown																					
BS_02YBZSBY	GRCh38	RFC3	ENST00000380071			chr13	33832221	33832221	G	G	A	Intron	SNP	38	72	0.34545454545454546	True	False	False	Unknown		Unknown																					
BS_02YBZSBY	GRCh38	RFC3	ENST00000380071			chr13	33834643	33834643	G	G	A	Intron	SNP	19	61	0.2375	True	False	False	Unknown		Unknown																					
BS_02YBZSBY	GRCh38	RFC3	ENST00000380071			chr13	33835326	33835326	G	G	A	Intron	SNP	38	75	0.336283185840708	True	False	False	Unknown		Unknown																					
BS_02YBZSBY	GRCh38	RFC3	ENST00000380071			chr13	33838604	33838604	T	T	C	3'Flank	SNP	30	62	0.32608695652173914	True	False	False	Unknown		Unknown																					
BS_02YBZSBY	GRCh38	RFC3	ENST00000380071			chr13	33842002	33842002	G	G	A	3'Flank	SNP	17	104	0.14049586776859505	True	False	False	Unknown		Unknown																					
BS_02YBZSBY	GRCh38	RFC3	ENST00000434425			chr13	33859772	33859772	G	G	T	Intron	SNP	24	59	0.2891566265060241	True	False	False	Unknown		Unknown																					
BS_02YBZSBY	GRCh38	RFC3	ENST00000434425			chr13	33860604	33860604	G	G	A	Intron	SNP	26	56	0.3170731707317073	True	False	False	Unknown		Unknown																					
BS_02YBZSBY	GRCh38	RFC3	ENST00000434425			chr13	33868727	33868727	G	G	A	Intron	SNP	36	63	0.36363636363636365	True	False	False	Unknown		Unknown																					
BS_02YBZSBY	GRCh38	RFC3	ENST00000434425			chr13	33871124	33871124	C	C	T	Intron	SNP	30	76	0.2830188679245283	True	False	False	Unknown		Unknown																					
BS_02YBZSBY	GRCh38	RFC3	ENST00000434425			chr13	33871803	33871803	G	G	A	Intron	SNP	30	82	0.26785714285714285	True	False	False	Unknown		Unknown																					
BS_02YBZSBY	GRCh38	RFC3	ENST00000434425			chr13	33881356	33881356	G	G	A	Intron	SNP	25	59	0.2976190476190476	True	False	False	Unknown		Unknown																					
BS_02YBZSBY	GRCh38	RFC3	ENST00000434425			chr13	33896126	33896126	A	A	-	Intron	DEL	8	94	0.0784313725490196	True	False	False	Unknown		Unknown																					
BS_02YBZSBY	GRCh38	RFC3	ENST00000434425			chr13	33898003	33898004	-	-	A	Intron	INS	36	69	0.34285714285714286	True	False	False	Unknown		Unknown																					
BS_02YBZSBY	GRCh38	RFC3	ENST00000434425			chr13	33899794	33899795	-	-	A	Intron	INS	17	78	0.17894736842105263	True	False	False	Unknown		Unknown																					
BS_02YBZSBY	GRCh38	RFC3	ENST00000434425			chr13	33910662	33910662	G	G	A	Intron	SNP	43	68	0.38738738738738737	True	False	False	Unknown		Unknown																					
BS_02YBZSBY	GRCh38	RFC3	ENST00000434425			chr13	33919442	33919442	G	G	A	Intron	SNP	32	55	0.367816091954023	True	False	False	Unknown		Unknown																					
BS_02YBZSBY	GRCh38	RFC3	ENST00000434425			chr13	33925710	33925710	T	T	C	Intron	SNP	33	59	0.358695652173913	True	False	False	Unknown		Unknown																					
BS_02YBZSBY	GRCh38	RFC3	ENST00000434425			chr13	33928503	33928503	T	T	C	Intron	SNP	32	60	0.34782608695652173	True	False	False	Unknown		Unknown																					
BS_02YBZSBY	GRCh38	RFC3	ENST00000434425			chr13	33940121	33940121	G	G	A	Intron	SNP	40	55	0.42105263157894735	True	False	False	Unknown		Unknown																					
BS_02YBZSBY	GRCh38	RFC3	ENST00000434425			chr13	33941985	33941985	T	T	C	Intron	SNP	36	55	0.3956043956043956	True	False	False	Unknown		Unknown																					
BS_02YBZSBY	GRCh38	RFC3	ENST00000434425			chr13	33944430	33944430	T	T	C	Intron	SNP	19	75	0.20212765957446807	True	False	False	Unknown		Unknown																					
BS_02YBZSBY	GRCh38	RFC3	ENST00000434425			chr13	33946473	33946473	A	A	G	Intron	SNP	46	80	0.36507936507936506	True	False	False	Unknown		Unknown																					
BS_02YBZSBY	GRCh38	RFC3	ENST00000434425			chr13	33946834	33946834	T	T	C	Intron	SNP	45	58	0.4368932038834951	True	False	False	Unknown		Unknown																					
BS_02YBZSBY	GRCh38	RFC3	ENST00000434425			chr13	33955643	33955643	G	G	T	Intron	SNP	33	67	0.33	True	False	False	Unknown		Unknown																					
BS_02YBZSBY	GRCh38	RFC3	ENST00000434425			chr13	33958232	33958232	G	G	A	Intron	SNP	25	43	0.36764705882352944	True	False	False	Unknown		Unknown																					
BS_02YBZSBY	GRCh38	RFC3	ENST00000434425			chr13	33960766	33960766	C	C	T	Intron	SNP	34	66	0.34	True	False	False	Unknown		Unknown																					
BS_02YBZSBY	GRCh38	RFC3	ENST00000434425			chr13	33962119	33962119	T	T	C	Intron	SNP	40	58	0.40816326530612246	True	False	False	Unknown		Unknown																					
BS_02YBZSBY	GRCh38	RFC3	ENST00000434425			chr13	33963619	33963619	T	T	C	Intron	SNP	46	69	0.4	True	False	False	Unknown		Unknown																					
BS_02YBZSBY	GRCh38	RFC3	ENST00000434425			chr13	33971357	33971357	T	T	C	3'Flank	SNP	51	79	0.3923076923076923	True	False	False	Unknown		Unknown																					
BS_02YBZSBY	GRCh38	MLH3	ENST00000355774			chr14	75019845	75019845	G	G	A	Intron	SNP	28	45	0.3835616438356164	True	False	False	Unknown		Unknown																					
BS_02YBZSBY	GRCh38	MLH3	ENST00000355774			chr14	75034803	75034803	C	C	T	Intron	SNP	26	41	0.3880597014925373	True	False	False	Unknown		Unknown																					
BS_02YBZSBY	GRCh38	MLH3	ENST00000355774			chr14	75037773	75037773	C	C	T	Intron	SNP	25	69	0.26595744680851063	True	False	False	Unknown		Unknown																					
BS_02YBZSBY	GRCh38	MLH3	ENST00000355774			chr14	75038189	75038189	G	G	A	Intron	SNP	31	48	0.3924050632911392	True	False	False	Unknown		Unknown																					
BS_02YBZSBY	GRCh38	MLH3	ENST00000355774			chr14	75050837	75050838	-	-	AA	Intron	INS	31	56	0.3563218390804598	True	False	False	Unknown		Unknown																					
BS_02YBZSBY	GRCh38	RPA1	ENST00000254719			chr17	1831208	1831208	G	G	A	Intron	SNP	28	65	0.3010752688172043	True	False	False	Unknown		Unknown																					
BS_02YBZSBY	GRCh38	RPA1	ENST00000254719			chr17	1831895	1831895	G	G	A	Intron	SNP	20	34	0.37037037037037035	True	False	False	Unknown		Unknown																					
BS_02YBZSBY	GRCh38	RPA1	ENST00000254719			chr17	1834177	1834178	-	-	A	Intron	INS	28	67	0.29473684210526313	True	False	False	Unknown		Unknown																					
BS_02YBZSBY	GRCh38	RPA1	ENST00000254719			chr17	1834872	1834873	-	-	T	Intron	INS	21	50	0.29577464788732394	True	False	False	Unknown		Unknown																					
BS_02YBZSBY	GRCh38	RPA1	ENST00000254719			chr17	1841453	1841453	G	G	A	Intron	SNP	29	60	0.3258426966292135	True	False	False	Unknown		Unknown																					
BS_02YBZSBY	GRCh38	RPA1	ENST00000254719	p.N63D	p.Asn63Asp	chr17	1844601	1844601	A	A	G	Missense_Mutation	SNP	37	70	0.34579439252336447	True	False	False	Unknown		Unknown																					
BS_02YBZSBY	GRCh38	RPA1	ENST00000254719			chr17	1847624	1847624	T	T	C	Intron	SNP	36	75	0.32432432432432434	True	False	False	Unknown		Unknown																					
BS_02YBZSBY	GRCh38	RPA1	ENST00000254719			chr17	1849709	1849709	A	A	C	Intron	SNP	23	60	0.27710843373493976	True	False	False	Unknown		Unknown																					
BS_02YBZSBY	GRCh38	RPA1	ENST00000254719			chr17	1859749	1859749	G	G	A	Intron	SNP	35	54	0.39325842696629215	True	False	False	Unknown		Unknown																					
BS_02YBZSBY	GRCh38	RPA1	ENST00000254719			chr17	1864079	1864079	G	G	A	Intron	SNP	38	59	0.3917525773195876	True	False	False	Unknown		Unknown																					
BS_02YBZSBY	GRCh38	RPA1	ENST00000254719			chr17	1866061	1866061	C	C	T	Intron	SNP	28	48	0.3684210526315789	True	False	False	Unknown		Unknown																					
BS_02YBZSBY	GRCh38	RPA1	ENST00000254719			chr17	1872411	1872411	G	G	A	Intron	SNP	29	43	0.4027777777777778	True	False	False	Unknown		Unknown																					
BS_02YBZSBY	GRCh38	RPA1	ENST00000254719			chr17	1872545	1872545	C	C	A	Intron	SNP	15	42	0.2631578947368421	True	False	False	Unknown		Unknown																					
BS_02YBZSBY	GRCh38	RPA1	ENST00000254719			chr17	1875212	1875212	C	C	T	Intron	SNP	42	37	0.5316455696202531	True	False	False	Unknown		Unknown																					
BS_02YBZSBY	GRCh38	RPA1	ENST00000254719			chr17	1885051	1885051	C	C	T	Intron	SNP	43	60	0.4174757281553398	True	False	False	Unknown		Unknown																					
BS_02YBZSBY	GRCh38	RPA1	ENST00000254719			chr17	1887749	1887749	C	C	T	Intron	SNP	6	51	0.10526315789473684	True	False	False	Unknown		Unknown																					
BS_02YBZSBY	GRCh38	RPA1	ENST00000254719			chr17	1895769	1895769	G	G	A	Intron	SNP	24	47	0.3380281690140845	True	False	False	Unknown		Unknown																					
BS_02YBZSBY	GRCh38	RPA1	ENST00000254719			chr17	1897882	1897882	C	C	T	3'UTR	SNP	18	70	0.20454545454545456	True	False	False	Unknown		Unknown																					
BS_02YBZSBY	GRCh38	RPA1	ENST00000254719			chr17	1899784	1899784	G	G	A	3'Flank	SNP	30	59	0.33707865168539325	True	False	False	Unknown		Unknown																					
BS_02YBZSBY	GRCh38	RPA1	ENST00000254719			chr17	1900812	1900812	C	C	T	3'Flank	SNP	19	48	0.2835820895522388	True	False	False	Unknown		Unknown																					
BS_02YBZSBY	GRCh38	RPA1	ENST00000254719			chr17	1903287	1903287	G	G	A	3'Flank	SNP	30	58	0.3409090909090909	True	False	False	Unknown		Unknown																					
BS_02YBZSBY	GRCh38	TP53	ENST00000269305			chr17	7668877	7668877	C	C	T	3'UTR	SNP	25	55	0.3125	True	True	False	Unknown		Unknown																					
BS_02YBZSBY	GRCh38	TP53	ENST00000269305	p.R306*	p.Arg306Ter	chr17	7673704	7673704	G	G	A	Nonsense_Mutation	SNP	38	43	0.4691358024691358	True	True	False	Likely Loss-of-function	19336573;27759562;16007150;11753428;11900253;21467160	Likely Oncogenic																	AMLMRC,AML,TMN,CLLSLL,MDS,ET,MPN,PMF		MCL	LEVEL_Px1	25412851;25860933;22186996;18596741;25412846;25952993;23243274;24004666;20697090;19188171;24652989;21714648;25092778;24220272;24478400;29296692;22887079;25516983;22052707;8639789;7579380;28819011;24684350;26022239
BS_02YBZSBY	GRCh38	TP53	ENST00000269305	p.R273C	p.Arg273Cys	chr17	7673803	7673803	G	G	A	Missense_Mutation	SNP	15	58	0.2054794520547945	True	True	True	Likely Loss-of-function	23863845;11900253;23612969;15037740	Likely Oncogenic																	AMLMRC,AML,TMN,CLLSLL,MDS,ET,MPN,PMF		MCL	LEVEL_Px1	25412851;25860933;22186996;18596741;25412846;25952993;23243274;24004666;20697090;19188171;24652989;21714648;25092778;24220272;24478400;29296692;22887079;25516983;22052707;8639789;7579380;28819011;24684350;26022239
BS_02YBZSBY	GRCh38	TP53	ENST00000269305			chr17	7674398	7674398	G	G	A	Intron	SNP	19	43	0.3064516129032258	True	True	False	Unknown		Unknown																					
BS_02YBZSBY	GRCh38	TP53	ENST00000269305			chr17	7678522	7678522	G	G	A	Intron	SNP	21	52	0.2876712328767123	True	True	False	Unknown		Unknown																					
BS_02YBZSBY	GRCh38	TP53	ENST00000269305			chr17	7679075	7679075	G	G	A	Intron	SNP	22	66	0.25	True	True	False	Unknown		Unknown																					
BS_02YBZSBY	GRCh38	TP53	ENST00000269305			chr17	7679337	7679337	C	C	T	Intron	SNP	29	68	0.29896907216494845	True	True	False	Unknown		Unknown																					
BS_02YBZSBY	GRCh38	TP53	ENST00000269305			chr17	7680961	7680961	G	G	A	Intron	SNP	29	50	0.3670886075949367	True	True	False	Unknown		Unknown																					
BS_02YBZSBY	GRCh38	TP53	ENST00000269305			chr17	7681039	7681039	G	G	A	Intron	SNP	30	57	0.3448275862068966	True	True	False	Unknown		Unknown																					
BS_02YBZSBY	GRCh38	TP53	ENST00000269305			chr17	7681341	7681342	-	-	T	Intron	INS	18	37	0.32727272727272727	True	True	False	Unknown		Unknown																					
BS_02YBZSBY	GRCh38	TP53	ENST00000269305			chr17	7681895	7681895	G	G	A	Intron	SNP	27	56	0.3253012048192771	True	True	False	Unknown		Unknown																					
BS_02YBZSBY	GRCh38	TP53	ENST00000269305			chr17	7684277	7684277	A	A	G	Intron	SNP	15	45	0.25	True	True	False	Unknown		Unknown																					
BS_02YBZSBY	GRCh38	NF1	ENST00000358273			chr17	31093424	31093424	G	G	T	5'Flank	SNP	27	51	0.34615384615384615	True	True	False	Unknown		Unknown																					
BS_02YBZSBY	GRCh38	NF1	ENST00000358273			chr17	31093709	31093709	C	C	T	5'Flank	SNP	21	59	0.2625	True	True	False	Unknown		Unknown																					
BS_02YBZSBY	GRCh38	NF1	ENST00000358273			chr17	31094428	31094429	-	-	AA	5'Flank	INS	18	37	0.32727272727272727	True	True	False	Unknown		Unknown																					
BS_02YBZSBY	GRCh38	NF1	ENST00000358273			chr17	31095417	31095417	G	G	A	Intron	SNP	24	34	0.41379310344827586	True	True	False	Unknown		Unknown																					
BS_02YBZSBY	GRCh38	NF1	ENST00000358273			chr17	31096698	31096698	G	G	T	Intron	SNP	36	40	0.47368421052631576	True	True	False	Unknown		Unknown																					
BS_02YBZSBY	GRCh38	NF1	ENST00000358273			chr17	31103813	31103814	-	-	A	Intron	INS	27	53	0.3375	True	True	False	Unknown		Unknown																					
BS_02YBZSBY	GRCh38	NF1	ENST00000358273			chr17	31124519	31124519	T	T	G	Intron	SNP	15	45	0.25	True	True	False	Unknown		Unknown																					
BS_02YBZSBY	GRCh38	NF1	ENST00000358273			chr17	31125893	31125893	G	G	T	Intron	SNP	23	66	0.25842696629213485	True	True	False	Unknown		Unknown																					
BS_02YBZSBY	GRCh38	NF1	ENST00000358273			chr17	31130462	31130462	C	C	T	Intron	SNP	24	72	0.25	True	True	False	Unknown		Unknown																					
BS_02YBZSBY	GRCh38	NF1	ENST00000358273			chr17	31131100	31131100	G	G	T	Intron	SNP	33	54	0.3793103448275862	True	True	False	Unknown		Unknown																					
BS_02YBZSBY	GRCh38	NF1	ENST00000358273			chr17	31133667	31133668	-	-	T	Intron	INS	6	53	0.1016949152542373	True	True	False	Unknown		Unknown																					
BS_02YBZSBY	GRCh38	NF1	ENST00000358273			chr17	31153085	31153085	G	G	T	Intron	SNP	26	68	0.2765957446808511	True	True	False	Unknown		Unknown																					
BS_02YBZSBY	GRCh38	NF1	ENST00000358273			chr17	31154310	31154310	G	G	A	Intron	SNP	16	56	0.2222222222222222	True	True	False	Unknown		Unknown																					
BS_02YBZSBY	GRCh38	NF1	ENST00000358273	p.G57D	p.Gly57Asp	chr17	31156092	31156092	G	G	A	Missense_Mutation	SNP	35	67	0.3431372549019608	True	True	False	Unknown		Unknown																					
BS_02YBZSBY	GRCh38	NF1	ENST00000358273			chr17	31159455	31159455	T	T	C	Intron	SNP	35	63	0.35714285714285715	True	True	False	Unknown		Unknown																					
BS_02YBZSBY	GRCh38	NF1	ENST00000358273			chr17	31163774	31163774	T	T	C	Intron	SNP	23	53	0.3026315789473684	True	True	False	Unknown		Unknown																					
BS_02YBZSBY	GRCh38	NF1	ENST00000358273			chr17	31168629	31168629	G	G	A	Intron	SNP	25	55	0.3125	True	True	False	Unknown		Unknown																					
BS_02YBZSBY	GRCh38	NF1	ENST00000358273	p.A208=	p.Ala208=	chr17	31181459	31181459	G	G	A	Silent	SNP	37	49	0.43023255813953487	True	True	False	Unknown		Unknown																					
BS_02YBZSBY	GRCh38	NF1	ENST00000358273			chr17	31183653	31183653	C	C	T	Intron	SNP	22	72	0.23404255319148937	True	True	False	Unknown		Unknown																					
BS_02YBZSBY	GRCh38	NF1	ENST00000358273			chr17	31184401	31184401	G	G	A	Intron	SNP	23	37	0.38333333333333336	True	True	False	Unknown		Unknown																					
BS_02YBZSBY	GRCh38	NF1	ENST00000358273			chr17	31184628	31184628	C	C	T	Intron	SNP	24	42	0.36363636363636365	True	True	False	Unknown		Unknown																					
BS_02YBZSBY	GRCh38	NF1	ENST00000358273			chr17	31186593	31186593	G	G	A	Intron	SNP	27	72	0.2727272727272727	True	True	False	Unknown		Unknown																					
BS_02YBZSBY	GRCh38	NF1	ENST00000358273			chr17	31186760	31186760	G	G	A	Intron	SNP	26	68	0.2765957446808511	True	True	False	Unknown		Unknown																					
BS_02YBZSBY	GRCh38	NF1	ENST00000358273			chr17	31191887	31191887	T	T	G	Intron	SNP	24	54	0.3076923076923077	True	True	False	Unknown		Unknown																					
BS_02YBZSBY	GRCh38	NF1	ENST00000358273			chr17	31195061	31195061	G	G	A	Intron	SNP	42	86	0.328125	True	True	False	Unknown		Unknown																					
BS_02YBZSBY	GRCh38	NF1	ENST00000358273			chr17	31196074	31196074	G	G	T	Intron	SNP	44	61	0.41904761904761906	True	True	False	Unknown		Unknown																					
BS_02YBZSBY	GRCh38	NF1	ENST00000358273			chr17	31200008	31200008	C	C	T	Intron	SNP	18	45	0.2857142857142857	True	True	False	Unknown		Unknown																					
BS_02YBZSBY	GRCh38	NF1	ENST00000358273			chr17	31207649	31207650	-	-	T	Intron	INS	27	50	0.35064935064935066	True	True	False	Unknown		Unknown																					
BS_02YBZSBY	GRCh38	NF1	ENST00000358273			chr17	31213704	31213704	A	A	T	Intron	SNP	16	84	0.16	True	True	False	Unknown		Unknown																					
BS_02YBZSBY	GRCh38	NF1	ENST00000358273	p.I679Dfs*21	p.Ile679AspfsTer21	chr17	31226459	31226460	-	-	C	Frame_Shift_Ins	INS	19	53	0.2638888888888889	True	True	False	Likely Loss-of-function	31548343;8052307;19573811;26345759;8563751;23913538;7542586;7655472;24576830;10862084;23047742;10543400;12509763;14722914;31591187	Likely Oncogenic	Selumetinib				Trametinib,Cobimetinib			LEVEL_1	LEVEL_1		28029918;32187457;31151904;24576830;26936308;24535670;Romo et al. Abstract# e13562, ASCO 2019(https://ascopubs.org/doi/abs/10.1200/JCO.2019.37.15_suppl.e13562)		CMML,JMML		LEVEL_Dx2	18925961;23832011;14644997;25691160;26457647;9639526					
BS_02YBZSBY	GRCh38	NF1	ENST00000358273			chr17	31226989	31226989	C	C	T	Intron	SNP	24	44	0.35294117647058826	True	True	False	Unknown		Unknown																					
BS_02YBZSBY	GRCh38	NF1	ENST00000358273			chr17	31228498	31228498	T	T	G	Intron	SNP	31	48	0.3924050632911392	True	True	False	Unknown		Unknown																					
BS_02YBZSBY	GRCh38	NF1	ENST00000358273			chr17	31233232	31233232	C	C	T	Intron	SNP	18	49	0.26865671641791045	True	True	False	Unknown		Unknown																					
BS_02YBZSBY	GRCh38	NF1	ENST00000358273			chr17	31243385	31243385	C	C	T	Intron	SNP	8	83	0.08791208791208792	True	True	False	Unknown		Unknown																					
BS_02YBZSBY	GRCh38	NF1	ENST00000358273			chr17	31244444	31244444	G	G	A	Intron	SNP	37	51	0.42045454545454547	True	True	False	Unknown		Unknown																					
BS_02YBZSBY	GRCh38	NF1	ENST00000358273			chr17	31245021	31245021	C	C	T	Intron	SNP	32	65	0.32989690721649484	True	True	False	Unknown		Unknown																					
BS_02YBZSBY	GRCh38	NF1	ENST00000358273			chr17	31248880	31248880	C	C	T	Intron	SNP	22	44	0.3333333333333333	True	True	False	Unknown		Unknown																					
BS_02YBZSBY	GRCh38	NF1	ENST00000358273			chr17	31251942	31251942	C	C	T	Intron	SNP	26	63	0.29213483146067415	True	True	False	Unknown		Unknown																					
BS_02YBZSBY	GRCh38	NF1	ENST00000358273			chr17	31254535	31254535	A	A	C	Intron	SNP	34	50	0.40476190476190477	True	True	False	Unknown		Unknown																					
BS_02YBZSBY	GRCh38	NF1	ENST00000358273			chr17	31257913	31257913	A	A	G	Intron	SNP	29	61	0.32222222222222224	True	True	False	Unknown		Unknown																					
BS_02YBZSBY	GRCh38	NF1	ENST00000358273			chr17	31264250	31264250	T	T	C	Intron	SNP	20	46	0.30303030303030304	True	True	False	Unknown		Unknown																					
BS_02YBZSBY	GRCh38	NF1	ENST00000358273			chr17	31274526	31274526	C	C	A	Intron	SNP	32	55	0.367816091954023	True	True	False	Unknown		Unknown																					
BS_02YBZSBY	GRCh38	NF1	ENST00000358273			chr17	31274653	31274653	T	T	C	Intron	SNP	29	66	0.30526315789473685	True	True	False	Unknown		Unknown																					
BS_02YBZSBY	GRCh38	NF1	ENST00000358273			chr17	31276888	31276888	G	G	A	Intron	SNP	12	72	0.14285714285714285	True	True	False	Unknown		Unknown																					
BS_02YBZSBY	GRCh38	NF1	ENST00000358273			chr17	31278661	31278661	C	C	T	Intron	SNP	28	35	0.4444444444444444	True	True	False	Unknown		Unknown																					
BS_02YBZSBY	GRCh38	NF1	ENST00000358273			chr17	31279982	31279982	T	T	C	Intron	SNP	40	52	0.43478260869565216	True	True	False	Unknown		Unknown																					
BS_02YBZSBY	GRCh38	NF1	ENST00000358273			chr17	31282751	31282751	C	C	T	Intron	SNP	20	44	0.3125	True	True	False	Unknown		Unknown																					
BS_02YBZSBY	GRCh38	NF1	ENST00000358273			chr17	31299343	31299343	A	A	-	Intron	DEL	27	76	0.2621359223300971	True	True	False	Unknown		Unknown																					
BS_02YBZSBY	GRCh38	NF1	ENST00000358273			chr17	31300340	31300341	-	-	A	Intron	INS	35	71	0.330188679245283	True	True	False	Unknown		Unknown																					
BS_02YBZSBY	GRCh38	NF1	ENST00000358273			chr17	31302973	31302973	G	G	A	Intron	SNP	42	54	0.4375	True	True	False	Unknown		Unknown																					
BS_02YBZSBY	GRCh38	NF1	ENST00000358273			chr17	31327258	31327258	G	G	A	Intron	SNP	29	54	0.3493975903614458	True	True	False	Unknown		Unknown																					
BS_02YBZSBY	GRCh38	NF1	ENST00000358273			chr17	31331788	31331788	T	T	C	Intron	SNP	25	56	0.30864197530864196	True	True	False	Unknown		Unknown																					
BS_02YBZSBY	GRCh38	NF1	ENST00000358273			chr17	31333323	31333323	G	G	T	Intron	SNP	32	74	0.3018867924528302	True	True	False	Unknown		Unknown																					
BS_02YBZSBY	GRCh38	NF1	ENST00000358273			chr17	31340985	31340985	G	G	T	Intron	SNP	16	63	0.20253164556962025	True	True	False	Unknown		Unknown																					
BS_02YBZSBY	GRCh38	NF1	ENST00000358273			chr17	31348797	31348798	-	-	T	Intron	INS	20	41	0.32786885245901637	True	True	False	Unknown		Unknown																					
BS_02YBZSBY	GRCh38	NF1	ENST00000358273			chr17	31354617	31354617	A	A	C	Intron	SNP	22	66	0.25	True	True	False	Unknown		Unknown																					
BS_02YBZSBY	GRCh38	NF1	ENST00000358273			chr17	31359114	31359114	A	A	G	Intron	SNP	23	67	0.25555555555555554	True	True	False	Unknown		Unknown																					
BS_02YBZSBY	GRCh38	NF1	ENST00000358273			chr17	31361802	31361802	G	G	A	Intron	SNP	7	89	0.07291666666666667	True	True	False	Unknown		Unknown																					
BS_02YBZSBY	GRCh38	NF1	ENST00000358273			chr17	31366238	31366239	-	-	TT	Intron	INS	29	51	0.3625	True	True	False	Unknown		Unknown																					
BS_02YBZSBY	GRCh38	NF1	ENST00000358273			chr17	31370278	31370278	G	G	A	Intron	SNP	40	48	0.45454545454545453	True	True	False	Unknown		Unknown																					
BS_02YBZSBY	GRCh38	LIG1	ENST00000263274			chr19	48112949	48112949	C	C	T	3'Flank	SNP	32	72	0.3076923076923077	True	False	False	Unknown		Unknown																					
BS_02YBZSBY	GRCh38	LIG1	ENST00000263274			chr19	48112993	48112993	C	C	T	3'Flank	SNP	32	73	0.3047619047619048	True	False	False	Unknown		Unknown																					
BS_02YBZSBY	GRCh38	LIG1	ENST00000263274			chr19	48116672	48116672	G	G	A	Intron	SNP	15	53	0.22058823529411764	True	False	False	Unknown		Unknown																					
BS_02YBZSBY	GRCh38	LIG1	ENST00000263274	p.A847T	p.Ala847Thr	chr19	48117682	48117682	C	C	T	Missense_Mutation	SNP	32	52	0.38095238095238093	True	False	False	Unknown		Unknown																					
BS_02YBZSBY	GRCh38	LIG1	ENST00000263274			chr19	48118412	48118412	G	G	A	Intron	SNP	20	54	0.2702702702702703	True	False	False	Unknown		Unknown																					
BS_02YBZSBY	GRCh38	LIG1	ENST00000263274			chr19	48121755	48121755	C	C	T	Intron	SNP	30	61	0.32967032967032966	True	False	False	Unknown		Unknown																					
BS_02YBZSBY	GRCh38	LIG1	ENST00000263274	p.C719=	p.Cys719=	chr19	48123009	48123009	G	G	A	Silent	SNP	11	39	0.22	True	False	False	Unknown		Unknown																					
BS_02YBZSBY	GRCh38	LIG1	ENST00000263274			chr19	48123704	48123704	G	G	A	Intron	SNP	10	95	0.09523809523809523	True	False	False	Unknown		Unknown																					
BS_02YBZSBY	GRCh38	LIG1	ENST00000263274			chr19	48124839	48124839	A	A	C	Intron	SNP	23	71	0.24468085106382978	True	False	False	Unknown		Unknown																					
BS_02YBZSBY	GRCh38	LIG1	ENST00000263274			chr19	48126343	48126343	C	C	T	Intron	SNP	22	51	0.3013698630136986	True	False	False	Unknown		Unknown																					
BS_02YBZSBY	GRCh38	LIG1	ENST00000263274			chr19	48126857	48126857	C	C	T	Intron	SNP	26	53	0.3291139240506329	True	False	False	Unknown		Unknown																					
BS_02YBZSBY	GRCh38	LIG1	ENST00000263274			chr19	48126999	48126999	C	C	T	Intron	SNP	31	47	0.3974358974358974	True	False	False	Unknown		Unknown																					
BS_02YBZSBY	GRCh38	LIG1	ENST00000263274			chr19	48127235	48127235	C	C	T	Intron	SNP	25	47	0.3472222222222222	True	False	False	Unknown		Unknown																					
BS_02YBZSBY	GRCh38	LIG1	ENST00000263274			chr19	48134353	48134354	-	-	A	Intron	INS	28	70	0.2857142857142857	True	False	False	Unknown		Unknown																					
BS_02YBZSBY	GRCh38	LIG1	ENST00000263274			chr19	48139764	48139764	C	C	T	Intron	SNP	21	45	0.3181818181818182	True	False	False	Unknown		Unknown																					
BS_02YBZSBY	GRCh38	LIG1	ENST00000263274			chr19	48141324	48141324	G	G	A	Intron	SNP	25	48	0.3424657534246575	True	False	False	Unknown		Unknown																					
BS_02YBZSBY	GRCh38	LIG1	ENST00000263274			chr19	48146026	48146026	C	C	T	Intron	SNP	36	55	0.3956043956043956	True	False	False	Unknown		Unknown																					
BS_02YBZSBY	GRCh38	LIG1	ENST00000263274			chr19	48146699	48146699	C	C	T	Intron	SNP	35	70	0.3333333333333333	True	False	False	Unknown		Unknown																					
BS_02YBZSBY	GRCh38	LIG1	ENST00000263274			chr19	48150726	48150726	C	C	A	Intron	SNP	22	50	0.3055555555555556	True	False	False	Unknown		Unknown																					
BS_02YBZSBY	GRCh38	LIG1	ENST00000263274			chr19	48152402	48152402	C	C	T	Intron	SNP	38	56	0.40425531914893614	True	False	False	Unknown		Unknown																					
BS_02YBZSBY	GRCh38	LIG1	ENST00000263274			chr19	48156809	48156809	C	C	T	Intron	SNP	27	39	0.4090909090909091	True	False	False	Unknown		Unknown																					
BS_02YBZSBY	GRCh38	LIG1	ENST00000263274			chr19	48156872	48156872	C	C	T	Intron	SNP	13	27	0.325	True	False	False	Unknown		Unknown																					
BS_02YBZSBY	GRCh38	LIG1	ENST00000263274			chr19	48160256	48160256	G	G	T	Intron	SNP	23	69	0.25	True	False	False	Unknown		Unknown																					
BS_02YBZSBY	GRCh38	LIG1	ENST00000263274			chr19	48161540	48161540	C	C	T	Intron	SNP	18	58	0.23684210526315788	True	False	False	Unknown		Unknown																					
BS_02YBZSBY	GRCh38	LIG1	ENST00000263274			chr19	48162494	48162494	C	C	T	Intron	SNP	20	40	0.3333333333333333	True	False	False	Unknown		Unknown																					
BS_02YBZSBY	GRCh38	LIG1	ENST00000263274			chr19	48163817	48163817	C	C	T	Intron	SNP	24	49	0.3287671232876712	True	False	False	Unknown		Unknown																					
BS_02YBZSBY	GRCh38	LIG1	ENST00000263274			chr19	48165272	48165272	C	C	A	Intron	SNP	25	40	0.38461538461538464	True	False	False	Unknown		Unknown																					
BS_02YBZSBY	GRCh38	POLD1	ENST00000613923			chr19	50386040	50386040	G	G	A	Intron	SNP	24	60	0.2857142857142857	True	True	False	Unknown		Unknown																					
BS_02YBZSBY	GRCh38	POLD1	ENST00000613923			chr19	50386466	50386466	C	C	T	Intron	SNP	18	55	0.2465753424657534	True	True	False	Unknown		Unknown																					
BS_02YBZSBY	GRCh38	POLD1	ENST00000613923			chr19	50387696	50387696	G	G	A	Intron	SNP	33	50	0.39759036144578314	True	True	False	Unknown		Unknown																					
BS_02YBZSBY	GRCh38	POLD1	ENST00000613923			chr19	50387952	50387952	C	C	T	Intron	SNP	12	70	0.14634146341463414	True	True	False	Unknown		Unknown																					
BS_02YBZSBY	GRCh38	POLD1	ENST00000613923			chr19	50390071	50390071	G	G	A	Intron	SNP	23	59	0.2804878048780488	True	True	False	Unknown		Unknown																					
BS_02YBZSBY	GRCh38	POLD1	ENST00000613923			chr19	50391156	50391156	C	C	T	Intron	SNP	31	61	0.33695652173913043	True	True	False	Unknown		Unknown																					
BS_02YBZSBY	GRCh38	POLD1	ENST00000613923			chr19	50391516	50391516	C	C	T	Intron	SNP	31	59	0.34444444444444444	True	True	False	Unknown		Unknown																					
BS_02YBZSBY	GRCh38	POLD1	ENST00000613923			chr19	50396816	50396816	C	C	T	Intron	SNP	28	57	0.32941176470588235	True	True	False	Unknown		Unknown																					
BS_02YBZSBY	GRCh38	POLD1	ENST00000613923			chr19	50400987	50400987	C	C	T	Intron	SNP	25	46	0.352112676056338	True	True	False	Unknown		Unknown																					
BS_02YBZSBY	GRCh38	POLD1	ENST00000613923	p.R343C	p.Arg343Cys	chr19	50403109	50403109	C	C	T	Missense_Mutation	SNP	29	73	0.28431372549019607	True	True	False	Unknown		Unknown																					
BS_02YBZSBY	GRCh38	POLD1	ENST00000613923			chr19	50404408	50404408	G	G	A	Intron	SNP	26	50	0.34210526315789475	True	True	False	Unknown		Unknown																					
BS_02YBZSBY	GRCh38	POLD1	ENST00000613923			chr19	50404452	50404452	C	C	T	Intron	SNP	29	51	0.3625	True	True	False	Unknown		Unknown																					
BS_02YBZSBY	GRCh38	POLD1	ENST00000613923			chr19	50405640	50405640	C	C	T	Intron	SNP	39	53	0.42391304347826086	True	True	False	Unknown		Unknown																					
BS_02YBZSBY	GRCh38	POLD1	ENST00000613923			chr19	50409896	50409896	A	A	G	Intron	SNP	4	64	0.058823529411764705	True	True	False	Unknown		Unknown																					
BS_02YBZSBY	GRCh38	POLD1	ENST00000613923			chr19	50410683	50410683	C	C	A	Intron	SNP	15	54	0.21739130434782608	True	True	False	Unknown		Unknown																					
BS_02YBZSBY	GRCh38	POLD1	ENST00000613923			chr19	50410715	50410715	C	C	T	Intron	SNP	21	55	0.27631578947368424	True	True	False	Unknown		Unknown																					
BS_02YBZSBY	GRCh38	POLD1	ENST00000613923			chr19	50410746	50410746	C	C	T	Intron	SNP	24	49	0.3287671232876712	True	True	False	Unknown		Unknown																					
BS_02YBZSBY	GRCh38	POLD1	ENST00000613923			chr19	50413734	50413734	G	G	A	Splice_Region	SNP	26	49	0.3466666666666667	True	True	False	Unknown		Unknown																					
BS_02YBZSBY	GRCh38	POLD1	ENST00000613923	p.G945=	p.Gly945=	chr19	50415763	50415763	C	C	T	Silent	SNP	27	48	0.36	True	True	False	Unknown		Unknown																					
BS_02YBZSBY	GRCh38	POLD1	ENST00000613923			chr19	50416883	50416883	C	C	T	Intron	SNP	31	59	0.34444444444444444	True	True	False	Unknown		Unknown																					
BS_02YBZSBY	GRCh38	POLD1	ENST00000613923			chr19	50417336	50417336	A	A	G	Intron	SNP	32	60	0.34782608695652173	True	True	False	Unknown		Unknown																					
BS_02YBZSBY	GRCh38	POLD1	ENST00000613923	p.R1112W	p.Arg1112Trp	chr19	50417879	50417879	C	C	T	Missense_Mutation	SNP	25	44	0.36231884057971014	True	True	False	Unknown		Unknown																					
BS_02YBZSBY	GRCh38	PCNA	ENST00000379160			chr20	5116739	5116739	G	G	A	Intron	SNP	42	54	0.4375	True	False	False	Unknown		Unknown																					
BS_02YBZSBY	GRCh38	PCNA	ENST00000379160			chr20	5120968	5120968	G	G	T	Intron	SNP	21	38	0.3559322033898305	True	False	False	Unknown		Unknown																					
BS_02YBZSBY	GRCh38	PCNA	ENST00000379160			chr20	5122712	5122712	A	A	G	Intron	SNP	41	59	0.41	True	False	False	Unknown		Unknown																					
BS_02YBZSBY	GRCh38	PCNA	ENST00000379160			chr20	5123651	5123651	C	C	T	Intron	SNP	18	70	0.20454545454545456	True	False	False	Unknown		Unknown																					
BS_02YBZSBY	GRCh38	PCNA	ENST00000379160			chr20	5125600	5125600	G	G	A	Intron	SNP	40	79	0.33613445378151263	True	False	False	Unknown		Unknown																					
BS_02YBZSBY	GRCh38	ATRX	ENST00000373344			chrX	77500757	77500757	G	G	A	3'Flank	SNP	37	80	0.3162393162393162	True	True	False	Unknown		Unknown																					
BS_02YBZSBY	GRCh38	ATRX	ENST00000373344			chrX	77505670	77505670	T	T	C	3'UTR	SNP	23	77	0.23	True	True	False	Unknown		Unknown																					
BS_02YBZSBY	GRCh38	ATRX	ENST00000373344			chrX	77508988	77508988	A	A	C	Intron	SNP	32	54	0.37209302325581395	True	True	False	Unknown		Unknown																					
BS_02YBZSBY	GRCh38	ATRX	ENST00000373344			chrX	77510847	77510847	G	G	A	Intron	SNP	29	63	0.31521739130434784	True	True	False	Unknown		Unknown																					
BS_02YBZSBY	GRCh38	ATRX	ENST00000373344			chrX	77511252	77511252	G	G	A	Intron	SNP	42	68	0.38181818181818183	True	True	False	Unknown		Unknown																					
BS_02YBZSBY	GRCh38	ATRX	ENST00000373344			chrX	77513415	77513415	A	A	G	Intron	SNP	17	44	0.2786885245901639	True	True	False	Unknown		Unknown																					
BS_02YBZSBY	GRCh38	ATRX	ENST00000373344			chrX	77515424	77515425	-	-	A	Intron	INS	18	38	0.32142857142857145	True	True	False	Unknown		Unknown																					
BS_02YBZSBY	GRCh38	ATRX	ENST00000373344			chrX	77517245	77517246	-	-	T	Intron	INS	30	49	0.379746835443038	True	True	False	Unknown		Unknown																					
BS_02YBZSBY	GRCh38	ATRX	ENST00000373344	p.A2371V	p.Ala2371Val	chrX	77520876	77520876	G	G	A	Missense_Mutation	SNP	8	84	0.08695652173913043	True	True	False	Unknown		Unknown																					
BS_02YBZSBY	GRCh38	ATRX	ENST00000373344			chrX	77524859	77524859	C	C	T	Intron	SNP	23	58	0.2839506172839506	True	True	False	Unknown		Unknown																					
BS_02YBZSBY	GRCh38	ATRX	ENST00000373344			chrX	77527703	77527703	C	C	T	Intron	SNP	26	57	0.3132530120481928	True	True	False	Unknown		Unknown																					
BS_02YBZSBY	GRCh38	ATRX	ENST00000373344			chrX	77532445	77532445	G	G	A	Intron	SNP	40	61	0.39603960396039606	True	True	False	Unknown		Unknown																					
BS_02YBZSBY	GRCh38	ATRX	ENST00000373344			chrX	77533784	77533785	-	-	A	Intron	INS	21	59	0.2625	True	True	False	Unknown		Unknown																					
BS_02YBZSBY	GRCh38	ATRX	ENST00000373344			chrX	77535725	77535726	-	-	T	Intron	INS	23	41	0.359375	True	True	False	Unknown		Unknown																					
BS_02YBZSBY	GRCh38	ATRX	ENST00000373344			chrX	77538795	77538795	G	G	A	Intron	SNP	39	74	0.34513274336283184	True	True	False	Unknown		Unknown																					
BS_02YBZSBY	GRCh38	ATRX	ENST00000373344			chrX	77542607	77542607	T	T	C	Intron	SNP	34	69	0.3300970873786408	True	True	False	Unknown		Unknown																					
BS_02YBZSBY	GRCh38	ATRX	ENST00000373344			chrX	77547321	77547321	A	A	T	Intron	SNP	39	49	0.4431818181818182	True	True	False	Unknown		Unknown																					
BS_02YBZSBY	GRCh38	ATRX	ENST00000373344			chrX	77549865	77549865	A	A	C	Intron	SNP	23	71	0.24468085106382978	True	True	False	Unknown		Unknown																					
BS_02YBZSBY	GRCh38	ATRX	ENST00000373344			chrX	77553395	77553395	C	C	T	Intron	SNP	38	72	0.34545454545454546	True	True	False	Unknown		Unknown																					
BS_02YBZSBY	GRCh38	ATRX	ENST00000373344			chrX	77554326	77554326	G	G	A	Intron	SNP	32	61	0.34408602150537637	True	True	False	Unknown		Unknown																					
BS_02YBZSBY	GRCh38	ATRX	ENST00000373344			chrX	77554458	77554458	C	C	T	Intron	SNP	46	61	0.42990654205607476	True	True	False	Unknown		Unknown																					
BS_02YBZSBY	GRCh38	ATRX	ENST00000373344			chrX	77564180	77564180	G	G	A	Intron	SNP	22	66	0.25	True	True	False	Unknown		Unknown																					
BS_02YBZSBY	GRCh38	ATRX	ENST00000373344			chrX	77567222	77567222	C	C	T	Intron	SNP	29	81	0.2636363636363636	True	True	False	Unknown		Unknown																					
BS_02YBZSBY	GRCh38	ATRX	ENST00000373344			chrX	77569136	77569137	-	-	C	Intron	INS	38	57	0.4	True	True	False	Unknown		Unknown																					
BS_02YBZSBY	GRCh38	ATRX	ENST00000373344			chrX	77575995	77575995	T	T	C	Intron	SNP	31	67	0.3163265306122449	True	True	False	Unknown		Unknown																					
BS_02YBZSBY	GRCh38	ATRX	ENST00000373344			chrX	77576221	77576221	A	A	G	Intron	SNP	40	55	0.42105263157894735	True	True	False	Unknown		Unknown																					
BS_02YBZSBY	GRCh38	ATRX	ENST00000373344			chrX	77577287	77577288	-	-	T	Intron	INS	25	52	0.3246753246753247	True	True	False	Unknown		Unknown																					
BS_02YBZSBY	GRCh38	ATRX	ENST00000373344			chrX	77577939	77577939	G	G	A	Intron	SNP	25	68	0.26881720430107525	True	True	False	Unknown		Unknown																					
BS_02YBZSBY	GRCh38	ATRX	ENST00000373344			chrX	77578007	77578007	G	G	A	Intron	SNP	35	67	0.3431372549019608	True	True	False	Unknown		Unknown																					
BS_02YBZSBY	GRCh38	ATRX	ENST00000373344			chrX	77579290	77579290	G	G	A	Intron	SNP	33	51	0.39285714285714285	True	True	False	Unknown		Unknown																					
BS_02YBZSBY	GRCh38	ATRX	ENST00000373344			chrX	77583149	77583149	G	G	A	Intron	SNP	32	55	0.367816091954023	True	True	False	Unknown		Unknown																					
BS_02YBZSBY	GRCh38	ATRX	ENST00000373344			chrX	77583823	77583823	G	G	A	Intron	SNP	25	75	0.25	True	True	False	Unknown		Unknown																					
BS_02YBZSBY	GRCh38	ATRX	ENST00000373344			chrX	77585556	77585556	A	A	G	Intron	SNP	8	30	0.21052631578947367	True	True	False	Unknown		Unknown																					
BS_02YBZSBY	GRCh38	ATRX	ENST00000373344			chrX	77586731	77586731	C	C	T	Intron	SNP	34	58	0.3695652173913043	True	True	False	Unknown		Unknown																					
BS_02YBZSBY	GRCh38	ATRX	ENST00000373344			chrX	77587311	77587311	T	T	G	Intron	SNP	29	73	0.28431372549019607	True	True	False	Unknown		Unknown																					
BS_02YBZSBY	GRCh38	ATRX	ENST00000373344			chrX	77587686	77587686	C	C	A	Intron	SNP	33	63	0.34375	True	True	False	Unknown		Unknown																					
BS_02YBZSBY	GRCh38	ATRX	ENST00000373344			chrX	77588830	77588830	C	C	T	Intron	SNP	42	64	0.39622641509433965	True	True	False	Unknown		Unknown																					
BS_02YBZSBY	GRCh38	ATRX	ENST00000373344			chrX	77590649	77590649	C	C	T	Intron	SNP	33	56	0.3707865168539326	True	True	False	Unknown		Unknown																					
BS_02YBZSBY	GRCh38	ATRX	ENST00000373344			chrX	77605300	77605300	C	C	T	Intron	SNP	38	76	0.3333333333333333	True	True	False	Unknown		Unknown																					
BS_02YBZSBY	GRCh38	ATRX	ENST00000373344			chrX	77605491	77605491	A	A	-	Intron	DEL	28	74	0.27450980392156865	True	True	False	Unknown		Unknown																					
BS_02YBZSBY	GRCh38	ATRX	ENST00000373344			chrX	77610216	77610216	T	T	C	Intron	SNP	25	75	0.25	True	True	False	Unknown		Unknown																					
BS_02YBZSBY	GRCh38	ATRX	ENST00000373344			chrX	77612219	77612219	G	G	A	Intron	SNP	30	64	0.3191489361702128	True	True	False	Unknown		Unknown																					
BS_02YBZSBY	GRCh38	ATRX	ENST00000373344			chrX	77613260	77613260	C	C	T	Intron	SNP	17	65	0.2073170731707317	True	True	False	Unknown		Unknown																					
BS_02YBZSBY	GRCh38	ATRX	ENST00000373344			chrX	77617944	77617944	G	G	A	Intron	SNP	33	58	0.3626373626373626	True	True	False	Unknown		Unknown																					
BS_02YBZSBY	GRCh38	ATRX	ENST00000373344			chrX	77621559	77621559	G	G	A	Intron	SNP	24	60	0.2857142857142857	True	True	False	Unknown		Unknown																					
BS_02YBZSBY	GRCh38	ATRX	ENST00000373344			chrX	77622773	77622773	G	G	A	Intron	SNP	27	47	0.36486486486486486	True	True	False	Unknown		Unknown																					
BS_02YBZSBY	GRCh38	ATRX	ENST00000373344			chrX	77634849	77634850	-	-	T	Intron	INS	7	83	0.07777777777777778	True	True	False	Unknown		Unknown																					
BS_02YBZSBY	GRCh38	ATRX	ENST00000373344			chrX	77638039	77638039	T	T	G	Intron	SNP	34	66	0.34	True	True	False	Unknown		Unknown																					
BS_02YBZSBY	GRCh38	ATRX	ENST00000373344			chrX	77643017	77643017	G	G	T	Intron	SNP	37	78	0.3217391304347826	True	True	False	Unknown		Unknown																					
BS_02YBZSBY	GRCh38	ATRX	ENST00000373344			chrX	77643299	77643299	G	G	A	Intron	SNP	31	58	0.34831460674157305	True	True	False	Unknown		Unknown																					
BS_02YBZSBY	GRCh38	ATRX	ENST00000373344			chrX	77645728	77645728	G	G	T	Intron	SNP	34	55	0.38202247191011235	True	True	False	Unknown		Unknown																					
BS_02YBZSBY	GRCh38	ATRX	ENST00000373344			chrX	77651534	77651534	A	A	G	Intron	SNP	35	43	0.44871794871794873	True	True	False	Unknown		Unknown																					
BS_02YBZSBY	GRCh38	ATRX	ENST00000373344	p.E1450Rfs*17	p.Glu1450ArgfsTer17	chrX	77652323	77652324	-	-	T	Frame_Shift_Ins	INS	25	57	0.3048780487804878	True	True	False	Likely Loss-of-function	21719641;8968741;24148618;15591283;14592816;18409179;17609377	Likely Oncogenic																					
BS_02YBZSBY	GRCh38	ATRX	ENST00000373344			chrX	77652457	77652540	CTGAAAACCTTTAGAATTATATTCAGCAATAGAGTAGTATTAAAAAAAAAAAAACAACTCTTCGGCCGGGCACGGTGGCTCACA	CTGAAAACCTTTAGAATTATATTCAGCAATAGAGTAGTATTAAAAAAAAAAAAACAACTCTTCGGCCGGGCACGGTGGCTCACA	-	Intron	DEL	14	30	0.3181818181818182	True	True	False	Unknown		Unknown																					
BS_02YBZSBY	GRCh38	ATRX	ENST00000373344			chrX	77652738	77652738	C	C	T	Intron	SNP	29	35	0.453125	True	True	False	Unknown		Unknown																					
BS_02YBZSBY	GRCh38	ATRX	ENST00000373344			chrX	77652755	77652755	C	C	T	Intron	SNP	28	38	0.42424242424242425	True	True	False	Unknown		Unknown																					
BS_02YBZSBY	GRCh38	ATRX	ENST00000373344			chrX	77654862	77654862	G	G	T	Intron	SNP	42	54	0.4375	True	True	False	Unknown		Unknown																					
BS_02YBZSBY	GRCh38	ATRX	ENST00000373344			chrX	77658766	77658766	G	G	A	Intron	SNP	38	63	0.37623762376237624	True	True	False	Unknown		Unknown																					
BS_02YBZSBY	GRCh38	ATRX	ENST00000373344			chrX	77659063	77659063	A	A	G	Intron	SNP	39	52	0.42857142857142855	True	True	False	Unknown		Unknown																					
BS_02YBZSBY	GRCh38	ATRX	ENST00000373344			chrX	77660225	77660225	G	G	A	Intron	SNP	22	62	0.2619047619047619	True	True	False	Unknown		Unknown																					
BS_02YBZSBY	GRCh38	ATRX	ENST00000373344			chrX	77660545	77660545	C	C	T	Intron	SNP	22	47	0.3188405797101449	True	True	False	Unknown		Unknown																					
BS_02YBZSBY	GRCh38	ATRX	ENST00000373344			chrX	77660697	77660697	T	T	C	Intron	SNP	36	78	0.3157894736842105	True	True	False	Unknown		Unknown																					
BS_02YBZSBY	GRCh38	ATRX	ENST00000373344			chrX	77662943	77662943	A	A	G	Intron	SNP	21	63	0.25	True	True	False	Unknown		Unknown																					
BS_02YBZSBY	GRCh38	ATRX	ENST00000373344			chrX	77664245	77664246	-	-	T	Intron	INS	29	53	0.35365853658536583	True	True	False	Unknown		Unknown																					
BS_02YBZSBY	GRCh38	ATRX	ENST00000373344			chrX	77671294	77671295	-	-	T	Intron	INS	13	57	0.18571428571428572	True	True	False	Unknown		Unknown																					
BS_02YBZSBY	GRCh38	ATRX	ENST00000373344			chrX	77678972	77678973	-	-	GG	Intron	INS	31	61	0.33695652173913043	True	True	False	Unknown		Unknown																					
BS_02YBZSBY	GRCh38	ATRX	ENST00000373344			chrX	77681129	77681129	G	G	A	Intron	SNP	35	61	0.3645833333333333	True	True	False	Unknown		Unknown																					
BS_02YBZSBY	GRCh38	ATRX	ENST00000373344	p.D1106V	p.Asp1106Val	chrX	77681939	77681939	T	T	A	Missense_Mutation	SNP	26	56	0.3170731707317073	True	True	False	Unknown		Unknown																					
BS_02YBZSBY	GRCh38	ATRX	ENST00000373344	p.E557K	p.Glu557Lys	chrX	77683587	77683587	C	C	T	Missense_Mutation	SNP	31	63	0.32978723404255317	True	True	False	Unknown		Unknown																					
BS_02YBZSBY	GRCh38	ATRX	ENST00000373344	p.A364S	p.Ala364Ser	chrX	77684166	77684166	C	C	A	Missense_Mutation	SNP	27	45	0.375	True	True	False	Unknown		Unknown																					
BS_02YBZSBY	GRCh38	ATRX	ENST00000373344			chrX	77685901	77685901	G	G	T	Intron	SNP	45	69	0.39473684210526316	True	True	False	Unknown		Unknown																					
BS_02YBZSBY	GRCh38	ATRX	ENST00000373344			chrX	77686286	77686286	G	G	A	Intron	SNP	28	76	0.2692307692307692	True	True	False	Unknown		Unknown																					
BS_02YBZSBY	GRCh38	ATRX	ENST00000373344			chrX	77688422	77688422	A	A	G	Intron	SNP	31	62	0.3333333333333333	True	True	False	Unknown		Unknown																					
BS_02YBZSBY	GRCh38	ATRX	ENST00000373344			chrX	77688629	77688629	C	C	T	Intron	SNP	29	66	0.30526315789473685	True	True	False	Unknown		Unknown																					
BS_02YBZSBY	GRCh38	ATRX	ENST00000373344			chrX	77689553	77689553	C	C	T	Intron	SNP	27	68	0.28421052631578947	True	True	False	Unknown		Unknown																					
BS_02YBZSBY	GRCh38	ATRX	ENST00000373344			chrX	77690080	77690080	A	A	-	Intron	DEL	28	63	0.3076923076923077	True	True	False	Unknown		Unknown																					
BS_02YBZSBY	GRCh38	ATRX	ENST00000373344			chrX	77693124	77693124	T	T	C	Intron	SNP	23	63	0.26744186046511625	True	True	False	Unknown		Unknown																					
BS_02YBZSBY	GRCh38	ATRX	ENST00000373344			chrX	77694110	77694110	C	C	T	Intron	SNP	27	65	0.29347826086956524	True	True	False	Unknown		Unknown																					
BS_02YBZSBY	GRCh38	ATRX	ENST00000373344			chrX	77697006	77697006	A	A	G	Intron	SNP	21	65	0.2441860465116279	True	True	False	Unknown		Unknown																					
BS_02YBZSBY	GRCh38	ATRX	ENST00000373344			chrX	77700797	77700797	T	T	A	Intron	SNP	26	73	0.26262626262626265	True	True	False	Unknown		Unknown																					
BS_02YBZSBY	GRCh38	ATRX	ENST00000373344			chrX	77705981	77705982	-	-	T	Intron	INS	22	60	0.2682926829268293	True	True	False	Unknown		Unknown																					
BS_02YBZSBY	GRCh38	ATRX	ENST00000373344			chrX	77705993	77705994	-	-	T	Intron	INS	30	61	0.32967032967032966	True	True	False	Unknown		Unknown																					
BS_02YBZSBY	GRCh38	ATRX	ENST00000373344			chrX	77706603	77706603	C	C	T	Intron	SNP	23	54	0.2987012987012987	True	True	False	Unknown		Unknown																					
BS_02YBZSBY	GRCh38	ATRX	ENST00000373344			chrX	77706741	77706742	TA	TA	AT	Intron	DNP	20	52	0.2777777777777778	True	True	False	Unknown		Unknown																					
BS_02YBZSBY	GRCh38	ATRX	ENST00000373344			chrX	77709380	77709380	C	C	T	Intron	SNP	30	65	0.3157894736842105	True	True	False	Unknown		Unknown																					
BS_02YBZSBY	GRCh38	ATRX	ENST00000373344			chrX	77712454	77712454	C	C	T	Intron	SNP	33	52	0.38823529411764707	True	True	False	Unknown		Unknown																					
BS_02YBZSBY	GRCh38	ATRX	ENST00000373344			chrX	77717076	77717077	-	-	A	Intron	INS	22	68	0.24444444444444444	True	True	False	Unknown		Unknown																					
BS_02YBZSBY	GRCh38	ATRX	ENST00000373344			chrX	77719098	77719098	C	C	A	Intron	SNP	22	66	0.25	True	True	False	Unknown		Unknown																					
BS_02YBZSBY	GRCh38	ATRX	ENST00000373344			chrX	77723022	77723022	C	C	T	Intron	SNP	30	63	0.3225806451612903	True	True	False	Unknown		Unknown																					
BS_02YBZSBY	GRCh38	ATRX	ENST00000373344			chrX	77723615	77723616	-	-	A	Intron	INS	26	53	0.3291139240506329	True	True	False	Unknown		Unknown																					
BS_02YBZSBY	GRCh38	ATRX	ENST00000373344			chrX	77724156	77724156	T	T	C	Intron	SNP	24	43	0.3582089552238806	True	True	False	Unknown		Unknown																					
BS_02YBZSBY	GRCh38	ATRX	ENST00000373344			chrX	77724397	77724398	-	-	TTT	Intron	INS	23	50	0.3150684931506849	True	True	False	Unknown		Unknown																					
BS_02YBZSBY	GRCh38	ATRX	ENST00000373344			chrX	77725814	77725814	G	G	A	Intron	SNP	34	68	0.3333333333333333	True	True	False	Unknown		Unknown																					
BS_02YBZSBY	GRCh38	ATRX	ENST00000373344			chrX	77726242	77726242	G	G	A	Intron	SNP	33	79	0.29464285714285715	True	True	False	Unknown		Unknown																					
BS_02YBZSBY	GRCh38	ATRX	ENST00000373344			chrX	77726330	77726330	G	G	T	Intron	SNP	33	54	0.3793103448275862	True	True	False	Unknown		Unknown																					
BS_02YBZSBY	GRCh38	ATRX	ENST00000373344			chrX	77727534	77727534	A	A	G	Intron	SNP	24	38	0.3870967741935484	True	True	False	Unknown		Unknown																					
BS_02YBZSBY	GRCh38	ATRX	ENST00000373344			chrX	77727731	77727731	T	T	C	Intron	SNP	19	57	0.25	True	True	False	Unknown		Unknown																					
BS_02YBZSBY	GRCh38	ATRX	ENST00000373344			chrX	77729787	77729787	C	C	T	Intron	SNP	35	46	0.43209876543209874	True	True	False	Unknown		Unknown																					
BS_02YBZSBY	GRCh38	ATRX	ENST00000373344			chrX	77739525	77739525	T	T	C	Intron	SNP	41	53	0.43617021276595747	True	True	False	Unknown		Unknown																					
BS_02YBZSBY	GRCh38	ATRX	ENST00000373344			chrX	77743097	77743097	C	C	T	Intron	SNP	41	60	0.40594059405940597	True	True	False	Unknown		Unknown																					
BS_02YBZSBY	GRCh38	ATRX	ENST00000373344			chrX	77743247	77743247	C	C	T	Intron	SNP	37	51	0.42045454545454547	True	True	False	Unknown		Unknown																					
BS_02YBZSBY	GRCh38	ATRX	ENST00000373344			chrX	77744693	77744693	A	A	-	Intron	DEL	26	48	0.35135135135135137	True	True	False	Unknown		Unknown																					
BS_02YBZSBY	GRCh38	ATRX	ENST00000373344			chrX	77746958	77746958	G	G	A	Intron	SNP	30	54	0.35714285714285715	True	True	False	Unknown		Unknown																					
BS_02YBZSBY	GRCh38	ATRX	ENST00000373344			chrX	77749240	77749240	G	G	A	Intron	SNP	30	59	0.33707865168539325	True	True	False	Unknown		Unknown																					
BS_02YBZSBY	GRCh38	ATRX	ENST00000373344			chrX	77749276	77749277	-	-	T	Intron	INS	27	46	0.3698630136986301	True	True	False	Unknown		Unknown																					
BS_02YBZSBY	GRCh38	ATRX	ENST00000373344			chrX	77751875	77751875	A	A	G	Intron	SNP	38	72	0.34545454545454546	True	True	False	Unknown		Unknown																					
BS_02YBZSBY	GRCh38	ATRX	ENST00000373344			chrX	77761308	77761308	C	C	T	Intron	SNP	37	41	0.47435897435897434	True	True	False	Unknown		Unknown																					
BS_02YBZSBY	GRCh38	ATRX	ENST00000373344			chrX	77763473	77763473	T	T	A	Intron	SNP	17	31	0.3541666666666667	True	True	False	Unknown		Unknown																					
BS_02YBZSBY	GRCh38	ATRX	ENST00000373344			chrX	77764250	77764250	C	C	A	Intron	SNP	15	83	0.15306122448979592	True	True	False	Unknown		Unknown																					
BS_02YBZSBY	GRCh38	ATRX	ENST00000373344			chrX	77765671	77765671	T	T	-	Intron	DEL	33	50	0.39759036144578314	True	True	False	Unknown		Unknown																					
BS_02YBZSBY	GRCh38	ATRX	ENST00000373344			chrX	77766469	77766469	C	C	T	Intron	SNP	22	53	0.29333333333333333	True	True	False	Unknown		Unknown																					
BS_02YBZSBY	GRCh38	ATRX	ENST00000373344			chrX	77766935	77766935	G	G	A	Intron	SNP	25	58	0.30120481927710846	True	True	False	Unknown		Unknown																					
BS_02YBZSBY	GRCh38	ATRX	ENST00000373344			chrX	77768297	77768297	C	C	A	Intron	SNP	38	74	0.3392857142857143	True	True	False	Unknown		Unknown																					
BS_02YBZSBY	GRCh38	ATRX	ENST00000373344			chrX	77768889	77768889	C	C	T	Intron	SNP	29	74	0.2815533980582524	True	True	False	Unknown		Unknown																					
BS_02YBZSBY	GRCh38	ATRX	ENST00000373344			chrX	77770529	77770529	C	C	A	Intron	SNP	36	63	0.36363636363636365	True	True	False	Unknown		Unknown																					
BS_02YBZSBY	GRCh38	ATRX	ENST00000373344			chrX	77772487	77772488	-	-	T	Intron	INS	17	43	0.2833333333333333	True	True	False	Unknown		Unknown																					
BS_02YBZSBY	GRCh38	ATRX	ENST00000373344			chrX	77776965	77776965	G	G	A	Intron	SNP	29	66	0.30526315789473685	True	True	False	Unknown		Unknown																					
BS_02YBZSBY	GRCh38	ATRX	ENST00000373344			chrX	77777241	77777241	C	C	T	Intron	SNP	12	56	0.17647058823529413	True	True	False	Unknown		Unknown																					
BS_02YBZSBY	GRCh38	ATRX	ENST00000373344			chrX	77777354	77777354	C	C	A	Intron	SNP	31	47	0.3974358974358974	True	True	False	Unknown		Unknown																					
BS_02YBZSBY	GRCh38	ATRX	ENST00000373344			chrX	77780492	77780493	-	-	T	Intron	INS	25	51	0.32894736842105265	True	True	False	Unknown		Unknown																					
BS_02YBZSBY	GRCh38	ATRX	ENST00000373344			chrX	77780537	77780537	C	C	T	Intron	SNP	26	51	0.33766233766233766	True	True	False	Unknown		Unknown																					
BS_02YBZSBY	GRCh38	ATRX	ENST00000373344			chrX	77780938	77780939	-	-	A	Intron	INS	27	42	0.391304347826087	True	True	False	Unknown		Unknown																					
BS_02YBZSBY	GRCh38	ATRX	ENST00000373344			chrX	77787465	77787465	G	G	A	5'Flank	SNP	14	52	0.21212121212121213	True	True	False	Unknown		Unknown																					
BS_02YBZSBY	GRCh38	ATRX	ENST00000373344			chrX	77788802	77788802	C	C	T	5'Flank	SNP	38	71	0.3486238532110092	True	True	False	Unknown		Unknown																					
BS_02YBZSBY	GRCh38	ATRX	ENST00000373344			chrX	77789148	77789148	C	C	T	5'Flank	SNP	25	57	0.3048780487804878	True	True	False	Unknown		Unknown																					
BS_02YBZSBY	GRCh38	ATRX	ENST00000373344			chrX	77789801	77789802	-	-	A	5'Flank	INS	30	56	0.3488372093023256	True	True	False	Unknown		Unknown																					
BS_PPY0EWPG	GRCh38	H3F3A	ENST00000366813	p.K28M	p.Lys28Met	chr1	226064434	226064434	A	A	T	Missense_Mutation	SNP	48	52	0.48	True	True	True	Likely Gain-of-function	22286061;26619011;21685365	Likely Oncogenic																					
BS_PPY0EWPG	GRCh38	POLE	ENST00000320574			chr12	132673984	132673984	C	C	A	Intron	SNP	35	42	0.45454545454545453	True	True	False	Unknown		Unknown																					
BS_PPY0EWPG	GRCh38	TP53	ENST00000269305	p.G244C	p.Gly244Cys	chr17	7674233	7674233	C	C	A	Missense_Mutation	SNP	32	29	0.5245901639344263	True	True	True	Likely Loss-of-function	12901798	Likely Oncogenic																	AMLMRC,AML,TMN,CLLSLL,MDS,ET,MPN,PMF		MCL	LEVEL_Px1	25412851;25860933;22186996;18596741;25412846;25952993;23243274;24004666;20697090;19188171;24652989;21714648;25092778;24220272;24478400;29296692;22887079;25516983;22052707;8639789;7579380;28819011;24684350;26022239
BS_PPY0EWPG	GRCh38	NF1	ENST00000358273			chr17	31375012	31375013	-	-	TA	3'UTR	INS	9	70	0.11392405063291139	True	True	False	Unknown		Unknown																					
BS_PPY0EWPG	GRCh38	ATRX	ENST00000373344			chrX	77615942	77615942	A	A	T	Intron	SNP	33	38	0.4647887323943662	True	True	False	Unknown		Unknown																					
BS_ABZ3BK38	GRCh38	MSH6	ENST00000606499			chr2	47716890	47716891	CT	CT	-	Intron	DEL	6	63	0.08695652173913043	True	True	False	Unknown		Unknown																					
BS_ABZ3BK38	GRCh38	TERT	ENST00000310581			chr5	1252346	1252348	TGG	TGG	-	3'Flank	DEL	14	80	0.14893617021276595	True	True	False	Unknown		Unknown																					
BS_ABZ3BK38	GRCh38	TERT	ENST00000310581			chr5	1252357	1252357	T	T	A	3'Flank	SNP	18	85	0.17475728155339806	True	True	False	Unknown		Unknown																					
BS_872Q3FK2	GRCh38	H3F3A	ENST00000366813	p.K28M	p.Lys28Met	chr1	226064434	226064434	A	A	T	Missense_Mutation	SNP	65	49	0.5701754385964912	True	True	True	Likely Gain-of-function	22286061;26619011;21685365	Likely Oncogenic																					
BS_872Q3FK2	GRCh38	MSH2	ENST00000644092			chr2	47607855	47607856	-	-	A	Intron	INS	25	62	0.28735632183908044	True	True	False	Unknown		Unknown																					
BS_872Q3FK2	GRCh38	MSH6	ENST00000606499			chr2	47771632	47771636	TGCCA	TGCCA	-	Intron	DEL	27	72	0.2727272727272727	True	True	False	Unknown		Unknown																					
BS_872Q3FK2	GRCh38	PMS2	ENST00000265849			chr7	5994400	5994400	A	A	-	Intron	DEL	23	49	0.3194444444444444	True	True	False	Unknown		Unknown																					
BS_872Q3FK2	GRCh38	POLE	ENST00000320574			chr12	132660804	132660804	G	G	A	Intron	SNP	16	41	0.2807017543859649	True	True	False	Unknown		Unknown																					
BS_872Q3FK2	GRCh38	NF1	ENST00000358273	p.Q948*	p.Gln948Ter	chr17	31229457	31229457	C	C	T	Nonsense_Mutation	SNP	28	44	0.3888888888888889	True	True	False	Likely Loss-of-function	31548343;8052307;19573811;26345759;8563751;23913538;7542586;7655472;24576830;10862084;23047742;10543400;12509763;14722914;31591187	Likely Oncogenic	Selumetinib				Trametinib,Cobimetinib			LEVEL_1	LEVEL_1		28029918;32187457;31151904;24576830;26936308;24535670;Romo et al. Abstract# e13562, ASCO 2019(https://ascopubs.org/doi/abs/10.1200/JCO.2019.37.15_suppl.e13562)		CMML,JMML		LEVEL_Dx2	18925961;23832011;14644997;25691160;26457647;9639526					
BS_872Q3FK2	GRCh38	NF1	ENST00000358273			chr17	31340861	31340861	C	C	A	Intron	SNP	13	96	0.11926605504587157	True	True	False	Unknown		Unknown																					
BS_872Q3FK2	GRCh38	NF1	ENST00000358273	p.M2569*	p.Met2569Ter	chr17	31356540	31356540	C	C	-	Frame_Shift_Del	DEL	28	48	0.3684210526315789	True	True	False	Likely Loss-of-function	31548343;8052307;19573811;26345759;8563751;23913538;7542586;7655472;24576830;10862084;23047742;10543400;12509763;14722914;31591187	Likely Oncogenic	Selumetinib				Trametinib,Cobimetinib			LEVEL_1	LEVEL_1		28029918;32187457;31151904;24576830;26936308;24535670;Romo et al. Abstract# e13562, ASCO 2019(https://ascopubs.org/doi/abs/10.1200/JCO.2019.37.15_suppl.e13562)		CMML,JMML		LEVEL_Dx2	18925961;23832011;14644997;25691160;26457647;9639526					
BS_872Q3FK2	GRCh38	ATRX	ENST00000373344			chrX	77605550	77605550	C	C	T	Intron	SNP	25	64	0.2808988764044944	True	True	False	Unknown		Unknown																					
BS_872Q3FK2	GRCh38	ATRX	ENST00000373344			chrX	77615824	77615824	T	T	A	Intron	SNP	35	40	0.4666666666666667	True	True	False	Unknown		Unknown																					
BS_872Q3FK2	GRCh38	ATRX	ENST00000373344	p.D1714V	p.Asp1714Val	chrX	77620526	77620526	T	T	A	Missense_Mutation	SNP	39	59	0.3979591836734694	True	True	False	Unknown		Unknown																					
BS_872Q3FK2	GRCh38	ATRX	ENST00000373344			chrX	77654772	77654772	A	A	G	Intron	SNP	9	95	0.08653846153846154	True	True	False	Unknown		Unknown																					
BS_VW4XN9Y7	GRCh38	RPA2	ENST00000373909			chr1	27888278	27888278	G	G	A	3'Flank	SNP	32	59	0.3516483516483517	True	False	False	Unknown		Unknown																					
BS_VW4XN9Y7	GRCh38	RPA2	ENST00000373909			chr1	27890398	27890398	G	G	A	3'Flank	SNP	34	63	0.35051546391752575	True	False	False	Unknown		Unknown																					
BS_VW4XN9Y7	GRCh38	RPA2	ENST00000373909			chr1	27893710	27893710	C	C	T	Intron	SNP	23	45	0.3382352941176471	True	False	False	Unknown		Unknown																					
BS_VW4XN9Y7	GRCh38	RPA2	ENST00000373909			chr1	27897426	27897426	G	G	T	Intron	SNP	32	59	0.3516483516483517	True	False	False	Unknown		Unknown																					
BS_VW4XN9Y7	GRCh38	RPA2	ENST00000373909			chr1	27898722	27898723	-	-	T	Intron	INS	13	82	0.1368421052631579	True	False	False	Unknown		Unknown																					
BS_VW4XN9Y7	GRCh38	RPA2	ENST00000373909			chr1	27899171	27899171	G	G	A	Intron	SNP	12	88	0.12	True	False	False	Unknown		Unknown																					
BS_VW4XN9Y7	GRCh38	RPA2	ENST00000373909			chr1	27901921	27901921	A	A	C	Intron	SNP	39	54	0.41935483870967744	True	False	False	Unknown		Unknown																					
BS_VW4XN9Y7	GRCh38	RPA2	ENST00000373909			chr1	27902569	27902569	G	G	A	Intron	SNP	14	74	0.1590909090909091	True	False	False	Unknown		Unknown																					
BS_VW4XN9Y7	GRCh38	RPA2	ENST00000373909			chr1	27903989	27903989	A	A	G	Intron	SNP	14	72	0.16279069767441862	True	False	False	Unknown		Unknown																					
BS_VW4XN9Y7	GRCh38	RPA2	ENST00000373909			chr1	27908099	27908099	C	C	T	Intron	SNP	50	60	0.45454545454545453	True	False	False	Unknown		Unknown																					
BS_VW4XN9Y7	GRCh38	RPA2	ENST00000373909			chr1	27908996	27908996	C	C	T	Intron	SNP	9	82	0.0989010989010989	True	False	False	Unknown		Unknown																					
BS_VW4XN9Y7	GRCh38	RPA2	ENST00000373909			chr1	27910095	27910095	T	T	C	Intron	SNP	40	62	0.39215686274509803	True	False	False	Unknown		Unknown																					
BS_VW4XN9Y7	GRCh38	RPA2	ENST00000373909			chr1	27911844	27911844	G	G	T	Intron	SNP	6	65	0.08450704225352113	True	False	False	Unknown		Unknown																					
BS_VW4XN9Y7	GRCh38	RPA2	ENST00000373909	p.R12=	p.Arg12=	chr1	27914168	27914168	A	A	G	Splice_Region	SNP	3	59	0.04838709677419355	True	False	False	Unknown		Unknown																					
BS_VW4XN9Y7	GRCh38	RPA2	ENST00000373909			chr1	27917184	27917184	C	C	T	5'Flank	SNP	25	45	0.35714285714285715	True	False	False	Unknown		Unknown																					
BS_VW4XN9Y7	GRCh38	H3F3A	ENST00000366813			chr1	226064513	226064513	C	C	A	Intron	SNP	32	55	0.367816091954023	True	True	False	Unknown		Unknown																					
BS_VW4XN9Y7	GRCh38	H3F3A	ENST00000366813			chr1	226069583	226069583	G	G	A	Intron	SNP	5	58	0.07936507936507936	True	True	False	Unknown		Unknown																					
BS_VW4XN9Y7	GRCh38	EXO1	ENST00000366548			chr1	241844689	241844689	G	G	T	5'Flank	SNP	13	91	0.125	True	False	False	Unknown		Unknown																					
BS_VW4XN9Y7	GRCh38	EXO1	ENST00000366548			chr1	241850258	241850258	C	C	T	Intron	SNP	25	49	0.33783783783783783	True	False	False	Unknown		Unknown																					
BS_VW4XN9Y7	GRCh38	EXO1	ENST00000366548			chr1	241858994	241858994	C	C	T	Intron	SNP	26	65	0.2857142857142857	True	False	False	Unknown		Unknown																					
BS_VW4XN9Y7	GRCh38	EXO1	ENST00000366548			chr1	241859098	241859098	T	T	G	Intron	SNP	13	98	0.11711711711711711	True	False	False	Unknown		Unknown																					
BS_VW4XN9Y7	GRCh38	EXO1	ENST00000366548			chr1	241861048	241861048	C	C	T	Intron	SNP	9	65	0.12162162162162163	True	False	False	Unknown		Unknown																					
BS_VW4XN9Y7	GRCh38	EXO1	ENST00000366548			chr1	241870744	241870744	C	C	A	Intron	SNP	47	84	0.35877862595419846	True	False	False	Unknown		Unknown																					
BS_VW4XN9Y7	GRCh38	EXO1	ENST00000366548			chr1	241876016	241876016	C	C	A	Intron	SNP	7	102	0.06422018348623854	True	False	False	Unknown		Unknown																					
BS_VW4XN9Y7	GRCh38	EXO1	ENST00000366548			chr1	241881219	241881219	G	G	T	Intron	SNP	12	78	0.13333333333333333	True	False	False	Unknown		Unknown																					
BS_VW4XN9Y7	GRCh38	EXO1	ENST00000366548			chr1	241884836	241884836	T	T	A	Intron	SNP	35	77	0.3125	True	False	False	Unknown		Unknown																					
BS_VW4XN9Y7	GRCh38	EXO1	ENST00000366548	p.D748E	p.Asp748Glu	chr1	241885346	241885346	C	C	A	Missense_Mutation	SNP	34	69	0.3300970873786408	True	False	False	Unknown		Unknown																					
BS_VW4XN9Y7	GRCh38	EXO1	ENST00000366548			chr1	241886100	241886100	G	G	A	Intron	SNP	41	64	0.3904761904761905	True	False	False	Unknown		Unknown																					
BS_VW4XN9Y7	GRCh38	EXO1	ENST00000366548			chr1	241888110	241888110	T	T	C	Intron	SNP	17	85	0.16666666666666666	True	False	False	Unknown		Unknown																					
BS_VW4XN9Y7	GRCh38	EXO1	ENST00000366548			chr1	241891087	241891087	T	T	C	3'Flank	SNP	13	98	0.11711711711711711	True	False	False	Unknown		Unknown																					
BS_VW4XN9Y7	GRCh38	EXO1	ENST00000366548			chr1	241892890	241892890	C	C	T	3'Flank	SNP	35	66	0.3465346534653465	True	False	False	Unknown		Unknown																					
BS_VW4XN9Y7	GRCh38	MSH2	ENST00000233146			chr2	47403874	47403874	G	G	A	Intron	SNP	6	65	0.08450704225352113	True	True	False	Unknown		Unknown																					
BS_VW4XN9Y7	GRCh38	MSH2	ENST00000233146			chr2	47404286	47404286	G	G	A	Intron	SNP	16	78	0.1702127659574468	True	True	False	Unknown		Unknown																					
BS_VW4XN9Y7	GRCh38	MSH2	ENST00000233146			chr2	47406616	47406616	T	T	C	Intron	SNP	20	70	0.2222222222222222	True	True	False	Unknown		Unknown																					
BS_VW4XN9Y7	GRCh38	MSH2	ENST00000233146			chr2	47407738	47407738	C	C	A	Intron	SNP	34	54	0.38636363636363635	True	True	False	Unknown		Unknown																					
BS_VW4XN9Y7	GRCh38	MSH2	ENST00000233146			chr2	47407858	47407858	G	G	A	Intron	SNP	6	94	0.06	True	True	False	Unknown		Unknown																					
BS_VW4XN9Y7	GRCh38	MSH2	ENST00000233146			chr2	47412084	47412084	A	A	G	Intron	SNP	9	108	0.07692307692307693	True	True	False	Unknown		Unknown																					
BS_VW4XN9Y7	GRCh38	MSH2	ENST00000233146			chr2	47412314	47412314	G	G	T	Intron	SNP	17	98	0.14782608695652175	True	True	False	Unknown		Unknown																					
BS_VW4XN9Y7	GRCh38	MSH2	ENST00000233146			chr2	47416608	47416608	T	T	-	Intron	DEL	21	74	0.22105263157894736	True	True	False	Unknown		Unknown																					
BS_VW4XN9Y7	GRCh38	MSH2	ENST00000233146			chr2	47418159	47418159	A	A	G	Intron	SNP	17	104	0.14049586776859505	True	True	False	Unknown		Unknown																					
BS_VW4XN9Y7	GRCh38	MSH2	ENST00000233146			chr2	47423344	47423344	G	G	A	Intron	SNP	33	57	0.36666666666666664	True	True	False	Unknown		Unknown																					
BS_VW4XN9Y7	GRCh38	MSH2	ENST00000233146			chr2	47428486	47428486	G	G	A	Intron	SNP	35	60	0.3684210526315789	True	True	False	Unknown		Unknown																					
BS_VW4XN9Y7	GRCh38	MSH2	ENST00000233146			chr2	47434611	47434611	A	A	C	Intron	SNP	14	72	0.16279069767441862	True	True	False	Unknown		Unknown																					
BS_VW4XN9Y7	GRCh38	MSH2	ENST00000233146			chr2	47434808	47434809	-	-	C	Intron	INS	7	64	0.09859154929577464	True	True	False	Unknown		Unknown																					
BS_VW4XN9Y7	GRCh38	MSH2	ENST00000233146			chr2	47435987	47435988	-	-	T	Intron	INS	23	61	0.27380952380952384	True	True	False	Unknown		Unknown																					
BS_VW4XN9Y7	GRCh38	MSH2	ENST00000233146			chr2	47438492	47438492	G	G	A	Intron	SNP	9	77	0.10465116279069768	True	True	False	Unknown		Unknown																					
BS_VW4XN9Y7	GRCh38	MSH2	ENST00000233146			chr2	47445192	47445192	G	G	A	Intron	SNP	13	79	0.14130434782608695	True	True	False	Unknown		Unknown																					
BS_VW4XN9Y7	GRCh38	MSH2	ENST00000233146			chr2	47456876	47456876	A	A	T	Intron	SNP	17	94	0.15315315315315314	True	True	False	Unknown		Unknown																					
BS_VW4XN9Y7	GRCh38	MSH2	ENST00000233146			chr2	47458144	47458144	A	A	G	Intron	SNP	13	98	0.11711711711711711	True	True	False	Unknown		Unknown																					
BS_VW4XN9Y7	GRCh38	MSH2	ENST00000233146			chr2	47458579	47458579	C	C	A	Intron	SNP	23	47	0.32857142857142857	True	True	False	Unknown		Unknown																					
BS_VW4XN9Y7	GRCh38	MSH2	ENST00000233146			chr2	47460864	47460865	-	-	G	Intron	INS	36	41	0.4675324675324675	True	True	False	Unknown		Unknown																					
BS_VW4XN9Y7	GRCh38	MSH2	ENST00000233146			chr2	47464982	47464982	T	T	C	Intron	SNP	11	121	0.08333333333333333	True	True	False	Unknown		Unknown																					
BS_VW4XN9Y7	GRCh38	MSH2	ENST00000233146			chr2	47467482	47467482	G	G	A	Intron	SNP	30	48	0.38461538461538464	True	True	False	Unknown		Unknown																					
BS_VW4XN9Y7	GRCh38	MSH2	ENST00000233146			chr2	47481537	47481537	G	G	A	Intron	SNP	6	72	0.07692307692307693	True	True	False	Unknown		Unknown																					
BS_VW4XN9Y7	GRCh38	MSH2	ENST00000233146			chr2	47485388	47485388	G	G	T	3'Flank	SNP	5	88	0.053763440860215055	True	True	False	Unknown		Unknown																					
BS_VW4XN9Y7	GRCh38	MSH2	ENST00000406134			chr2	47489725	47489725	G	G	A	Intron	SNP	36	66	0.35294117647058826	True	True	False	Unknown		Unknown																					
BS_VW4XN9Y7	GRCh38	MSH2	ENST00000406134			chr2	47499477	47499477	A	A	C	Intron	SNP	18	88	0.16981132075471697	True	True	False	Unknown		Unknown																					
BS_VW4XN9Y7	GRCh38	MSH2	ENST00000406134			chr2	47504935	47504935	G	G	A	Intron	SNP	11	80	0.12087912087912088	True	True	False	Unknown		Unknown																					
BS_VW4XN9Y7	GRCh38	MSH2	ENST00000644092			chr2	47582353	47582353	G	G	A	Intron	SNP	16	68	0.19047619047619047	True	True	False	Unknown		Unknown																					
BS_VW4XN9Y7	GRCh38	MSH2	ENST00000644092			chr2	47583348	47583348	A	A	C	Intron	SNP	12	91	0.11650485436893204	True	True	False	Unknown		Unknown																					
BS_VW4XN9Y7	GRCh38	MSH2	ENST00000644092			chr2	47583481	47583481	G	G	T	Intron	SNP	10	82	0.10869565217391304	True	True	False	Unknown		Unknown																					
BS_VW4XN9Y7	GRCh38	MSH2	ENST00000644092			chr2	47584182	47584182	G	G	T	Intron	SNP	24	53	0.3116883116883117	True	True	False	Unknown		Unknown																					
BS_VW4XN9Y7	GRCh38	MSH2	ENST00000644092			chr2	47615556	47615556	G	G	A	Intron	SNP	17	85	0.16666666666666666	True	True	False	Unknown		Unknown																					
BS_VW4XN9Y7	GRCh38	MSH2	ENST00000644092			chr2	47622280	47622280	A	A	C	Intron	SNP	15	80	0.15789473684210525	True	True	False	Unknown		Unknown																					
BS_VW4XN9Y7	GRCh38	MSH2	ENST00000644092			chr2	47627322	47627322	G	G	T	Intron	SNP	39	74	0.34513274336283184	True	True	False	Unknown		Unknown																					
BS_VW4XN9Y7	GRCh38	MSH2	ENST00000644092			chr2	47630266	47630266	G	G	A	Intron	SNP	35	47	0.4268292682926829	True	True	False	Unknown		Unknown																					
BS_VW4XN9Y7	GRCh38	MSH2	ENST00000644092			chr2	47632665	47632665	G	G	T	Intron	SNP	15	58	0.2054794520547945	True	True	False	Unknown		Unknown																					
BS_VW4XN9Y7	GRCh38	MSH2	ENST00000644092			chr2	47638219	47638219	A	A	G	Intron	SNP	8	85	0.08602150537634409	True	True	False	Unknown		Unknown																					
BS_VW4XN9Y7	GRCh38	MSH2	ENST00000644092			chr2	47650754	47650754	T	T	G	Intron	SNP	34	45	0.43037974683544306	True	True	False	Unknown		Unknown																					
BS_VW4XN9Y7	GRCh38	MSH2	ENST00000644092			chr2	47663494	47663494	A	A	C	3'Flank	SNP	47	57	0.4519230769230769	True	True	False	Unknown		Unknown																					
BS_VW4XN9Y7	GRCh38	MSH6	ENST00000606499			chr2	47696780	47696780	A	A	C	Intron	SNP	16	77	0.17204301075268819	True	True	False	Unknown		Unknown																					
BS_VW4XN9Y7	GRCh38	MSH6	ENST00000606499			chr2	47696844	47696844	G	G	A	Intron	SNP	7	92	0.0707070707070707	True	True	False	Unknown		Unknown																					
BS_VW4XN9Y7	GRCh38	MSH6	ENST00000606499			chr2	47699501	47699501	G	G	A	Intron	SNP	47	69	0.4051724137931034	True	True	False	Unknown		Unknown																					
BS_VW4XN9Y7	GRCh38	MSH6	ENST00000606499			chr2	47713954	47713954	A	A	G	Intron	SNP	7	105	0.0625	True	True	False	Unknown		Unknown																					
BS_VW4XN9Y7	GRCh38	MSH6	ENST00000606499			chr2	47715782	47715782	A	A	G	Intron	SNP	18	92	0.16363636363636364	True	True	False	Unknown		Unknown																					
BS_VW4XN9Y7	GRCh38	MSH6	ENST00000606499			chr2	47724660	47724660	A	A	G	Intron	SNP	7	130	0.051094890510948905	True	True	False	Unknown		Unknown																					
BS_VW4XN9Y7	GRCh38	MSH6	ENST00000606499			chr2	47725405	47725405	T	T	C	Intron	SNP	21	69	0.23333333333333334	True	True	False	Unknown		Unknown																					
BS_VW4XN9Y7	GRCh38	MSH6	ENST00000606499			chr2	47737141	47737142	-	-	T	Intron	INS	6	64	0.08571428571428572	True	True	False	Unknown		Unknown																					
BS_VW4XN9Y7	GRCh38	MSH6	ENST00000606499			chr2	47755357	47755357	A	A	C	Intron	SNP	30	81	0.2702702702702703	True	True	False	Unknown		Unknown																					
BS_VW4XN9Y7	GRCh38	MSH6	ENST00000606499			chr2	47758478	47758478	A	A	C	Intron	SNP	9	71	0.1125	True	True	False	Unknown		Unknown																					
BS_VW4XN9Y7	GRCh38	MSH6	ENST00000606499			chr2	47758727	47758728	-	-	A	Intron	INS	24	34	0.41379310344827586	True	True	False	Unknown		Unknown																					
BS_VW4XN9Y7	GRCh38	MSH6	ENST00000606499			chr2	47761137	47761137	G	G	A	Intron	SNP	36	40	0.47368421052631576	True	True	False	Unknown		Unknown																					
BS_VW4XN9Y7	GRCh38	MSH6	ENST00000606499			chr2	47762340	47762340	G	G	T	Intron	SNP	18	58	0.23684210526315788	True	True	False	Unknown		Unknown																					
BS_VW4XN9Y7	GRCh38	MSH6	ENST00000606499			chr2	47762601	47762601	G	G	A	Intron	SNP	41	63	0.3942307692307692	True	True	False	Unknown		Unknown																					
BS_VW4XN9Y7	GRCh38	MSH6	ENST00000234420			chr2	47782054	47782055	-	-	T	5'Flank	INS	31	68	0.31313131313131315	True	True	False	Unknown		Unknown																					
BS_VW4XN9Y7	GRCh38	MSH6	ENST00000234420			chr2	47784650	47784650	C	C	T	Intron	SNP	8	62	0.11428571428571428	True	True	False	Unknown		Unknown																					
BS_VW4XN9Y7	GRCh38	MSH6	ENST00000234420			chr2	47785074	47785074	G	G	A	Intron	SNP	27	54	0.3333333333333333	True	True	False	Unknown		Unknown																					
BS_VW4XN9Y7	GRCh38	MSH6	ENST00000234420			chr2	47785662	47785662	G	G	T	Intron	SNP	37	80	0.3162393162393162	True	True	False	Unknown		Unknown																					
BS_VW4XN9Y7	GRCh38	MSH6	ENST00000234420			chr2	47786984	47786984	T	T	A	Intron	SNP	7	105	0.0625	True	True	False	Unknown		Unknown																					
BS_VW4XN9Y7	GRCh38	MSH6	ENST00000234420			chr2	47787343	47787343	A	A	C	Intron	SNP	33	73	0.3113207547169811	True	True	False	Unknown		Unknown																					
BS_VW4XN9Y7	GRCh38	MSH6	ENST00000234420			chr2	47809914	47809914	G	G	A	3'UTR	SNP	39	69	0.3611111111111111	True	True	False	Unknown		Unknown																					
BS_VW4XN9Y7	GRCh38	MLH1	ENST00000231790			chr3	36995375	36995376	-	-	T	Intron	INS	26	45	0.36619718309859156	True	True	False	Unknown		Unknown																					
BS_VW4XN9Y7	GRCh38	MLH1	ENST00000231790			chr3	36995534	36995535	-	-	T	Intron	INS	12	66	0.15384615384615385	True	True	False	Unknown		Unknown																					
BS_VW4XN9Y7	GRCh38	MLH1	ENST00000231790			chr3	37000450	37000450	C	C	T	Intron	SNP	33	59	0.358695652173913	True	True	False	Unknown		Unknown																					
BS_VW4XN9Y7	GRCh38	MLH1	ENST00000231790			chr3	37005313	37005313	T	T	G	Intron	SNP	29	40	0.42028985507246375	True	True	False	Unknown		Unknown																					
BS_VW4XN9Y7	GRCh38	MLH1	ENST00000231790			chr3	37013072	37013072	G	G	A	Intron	SNP	9	80	0.10112359550561797	True	True	False	Unknown		Unknown																					
BS_VW4XN9Y7	GRCh38	MLH1	ENST00000231790			chr3	37017056	37017056	A	A	G	Intron	SNP	23	63	0.26744186046511625	True	True	False	Unknown		Unknown																					
BS_VW4XN9Y7	GRCh38	MLH1	ENST00000231790			chr3	37021869	37021869	G	G	A	Intron	SNP	53	64	0.452991452991453	True	True	False	Unknown		Unknown																					
BS_VW4XN9Y7	GRCh38	MLH1	ENST00000231790			chr3	37026711	37026711	C	C	T	Intron	SNP	38	56	0.40425531914893614	True	True	False	Unknown		Unknown																					
BS_VW4XN9Y7	GRCh38	MLH1	ENST00000231790			chr3	37027681	37027681	A	A	G	Intron	SNP	51	56	0.4766355140186916	True	True	False	Unknown		Unknown																					
BS_VW4XN9Y7	GRCh38	MLH1	ENST00000231790			chr3	37033141	37033141	C	C	T	Intron	SNP	15	72	0.1724137931034483	True	True	False	Unknown		Unknown																					
BS_VW4XN9Y7	GRCh38	MLH1	ENST00000231790			chr3	37044632	37044632	C	C	T	Intron	SNP	42	66	0.3888888888888889	True	True	False	Unknown		Unknown																					
BS_VW4XN9Y7	GRCh38	MLH1	ENST00000231790			chr3	37048812	37048813	-	-	T	Intron	INS	32	69	0.31683168316831684	True	True	False	Unknown		Unknown																					
BS_VW4XN9Y7	GRCh38	RFC4	ENST00000392481	p.R210*	p.Arg210Ter	chr3	186792537	186792537	G	G	A	Nonsense_Mutation	SNP	9	107	0.07758620689655173	True	False	False	Unknown		Unknown																					
BS_VW4XN9Y7	GRCh38	RFC4	ENST00000392481			chr3	186794950	186794950	G	G	A	Intron	SNP	38	58	0.3958333333333333	True	False	False	Unknown		Unknown																					
BS_VW4XN9Y7	GRCh38	RFC4	ENST00000392481			chr3	186799432	186799432	G	G	A	Intron	SNP	22	91	0.19469026548672566	True	False	False	Unknown		Unknown																					
BS_VW4XN9Y7	GRCh38	RFC4	ENST00000392481			chr3	186806896	186806896	G	G	A	5'Flank	SNP	23	77	0.23	True	False	False	Unknown		Unknown																					
BS_VW4XN9Y7	GRCh38	RFC4	ENST00000392481			chr3	186807088	186807088	G	G	T	5'Flank	SNP	14	70	0.16666666666666666	True	False	False	Unknown		Unknown																					
BS_VW4XN9Y7	GRCh38	RFC1	ENST00000381897			chr4	39296251	39296252	TT	TT	-	Intron	DEL	12	19	0.3870967741935484	True	False	False	Unknown		Unknown																					
BS_VW4XN9Y7	GRCh38	RFC1	ENST00000381897			chr4	39299444	39299444	G	G	A	Intron	SNP	30	64	0.3191489361702128	True	False	False	Unknown		Unknown																					
BS_VW4XN9Y7	GRCh38	RFC1	ENST00000381897			chr4	39303044	39303044	A	A	G	Intron	SNP	8	94	0.0784313725490196	True	False	False	Unknown		Unknown																					
BS_VW4XN9Y7	GRCh38	RFC1	ENST00000381897			chr4	39307416	39307416	G	G	T	Intron	SNP	35	51	0.4069767441860465	True	False	False	Unknown		Unknown																					
BS_VW4XN9Y7	GRCh38	RFC1	ENST00000381897			chr4	39310804	39310804	T	T	A	Intron	SNP	7	115	0.05737704918032787	True	False	False	Unknown		Unknown																					
BS_VW4XN9Y7	GRCh38	RFC1	ENST00000381897			chr4	39314714	39314714	C	C	T	Intron	SNP	39	81	0.325	True	False	False	Unknown		Unknown																					
BS_VW4XN9Y7	GRCh38	RFC1	ENST00000381897			chr4	39329370	39329370	A	A	G	Intron	SNP	35	61	0.3645833333333333	True	False	False	Unknown		Unknown																					
BS_VW4XN9Y7	GRCh38	RFC1	ENST00000381897			chr4	39331097	39331097	C	C	A	Intron	SNP	7	118	0.056	True	False	False	Unknown		Unknown																					
BS_VW4XN9Y7	GRCh38	RFC1	ENST00000381897			chr4	39334467	39334467	A	A	G	Intron	SNP	12	128	0.08571428571428572	True	False	False	Unknown		Unknown																					
BS_VW4XN9Y7	GRCh38	RFC1	ENST00000381897			chr4	39334962	39334962	T	T	A	Intron	SNP	14	94	0.12962962962962962	True	False	False	Unknown		Unknown																					
BS_VW4XN9Y7	GRCh38	RFC1	ENST00000381897			chr4	39346121	39346121	C	C	T	Intron	SNP	38	78	0.3275862068965517	True	False	False	Unknown		Unknown																					
BS_VW4XN9Y7	GRCh38	RFC1	ENST00000381897			chr4	39346871	39346871	T	T	A	Intron	SNP	9	83	0.09782608695652174	True	False	False	Unknown		Unknown																					
BS_VW4XN9Y7	GRCh38	RFC1	ENST00000381897			chr4	39356075	39356075	T	T	C	Intron	SNP	14	88	0.13725490196078433	True	False	False	Unknown		Unknown																					
BS_VW4XN9Y7	GRCh38	RFC1	ENST00000381897			chr4	39356171	39356171	C	C	T	Intron	SNP	29	56	0.3411764705882353	True	False	False	Unknown		Unknown																					
BS_VW4XN9Y7	GRCh38	RFC1	ENST00000381897			chr4	39359224	39359224	A	A	G	Intron	SNP	38	52	0.4222222222222222	True	False	False	Unknown		Unknown																					
BS_VW4XN9Y7	GRCh38	RFC1	ENST00000381897			chr4	39360363	39360363	C	C	T	Intron	SNP	11	77	0.125	True	False	False	Unknown		Unknown																					
BS_VW4XN9Y7	GRCh38	RFC1	ENST00000381897			chr4	39365448	39365448	A	A	G	Intron	SNP	38	80	0.3220338983050847	True	False	False	Unknown		Unknown																					
BS_VW4XN9Y7	GRCh38	RFC1	ENST00000381897			chr4	39367100	39367100	C	C	T	5'Flank	SNP	40	88	0.3125	True	False	False	Unknown		Unknown																					
BS_VW4XN9Y7	GRCh38	RFC1	ENST00000381897			chr4	39368099	39368099	C	C	A	5'Flank	SNP	31	100	0.2366412213740458	True	False	False	Unknown		Unknown																					
BS_VW4XN9Y7	GRCh38	TERT	ENST00000310581			chr5	1250224	1250224	G	G	A	3'Flank	SNP	30	81	0.2702702702702703	True	True	False	Unknown		Unknown																					
BS_VW4XN9Y7	GRCh38	TERT	ENST00000310581			chr5	1253881	1253881	C	C	T	Intron	SNP	34	55	0.38202247191011235	True	True	False	Unknown		Unknown																					
BS_VW4XN9Y7	GRCh38	TERT	ENST00000310581			chr5	1255821	1255821	A	A	C	Intron	SNP	8	66	0.10810810810810811	True	True	False	Unknown		Unknown																					
BS_VW4XN9Y7	GRCh38	TERT	ENST00000310581			chr5	1257954	1257954	T	T	G	Intron	SNP	7	81	0.07954545454545454	True	True	False	Unknown		Unknown																					
BS_VW4XN9Y7	GRCh38	TERT	ENST00000310581			chr5	1257984	1257984	G	G	A	Intron	SNP	34	56	0.37777777777777777	True	True	False	Unknown		Unknown																					
BS_VW4XN9Y7	GRCh38	TERT	ENST00000310581			chr5	1259960	1259961	-	-	G	Intron	INS	11	62	0.1506849315068493	True	True	False	Unknown		Unknown																					
BS_VW4XN9Y7	GRCh38	TERT	ENST00000310581	p.L985M	p.Leu985Met	chr5	1260491	1260491	G	G	T	Missense_Mutation	SNP	16	85	0.15841584158415842	True	True	False	Unknown		Unknown																					
BS_VW4XN9Y7	GRCh38	TERT	ENST00000310581			chr5	1261642	1261642	G	G	A	Intron	SNP	14	85	0.1414141414141414	True	True	False	Unknown		Unknown																					
BS_VW4XN9Y7	GRCh38	TERT	ENST00000310581			chr5	1268695	1268695	A	A	C	Intron	SNP	10	87	0.10309278350515463	True	True	False	Unknown		Unknown																					
BS_VW4XN9Y7	GRCh38	TERT	ENST00000310581			chr5	1271808	1271808	G	G	A	Intron	SNP	10	86	0.10416666666666667	True	True	False	Unknown		Unknown																					
BS_VW4XN9Y7	GRCh38	TERT	ENST00000310581			chr5	1274997	1274997	T	T	C	Intron	SNP	7	72	0.08860759493670886	True	True	False	Unknown		Unknown																					
BS_VW4XN9Y7	GRCh38	TERT	ENST00000310581			chr5	1277307	1277307	C	C	A	Intron	SNP	30	66	0.3125	True	True	False	Unknown		Unknown																					
BS_VW4XN9Y7	GRCh38	TERT	ENST00000310581			chr5	1282298	1282298	C	C	T	Intron	SNP	16	64	0.2	True	True	False	Unknown		Unknown																					
BS_VW4XN9Y7	GRCh38	TERT	ENST00000310581			chr5	1286689	1286689	C	C	T	Intron	SNP	4	69	0.0547945205479452	True	True	False	Unknown		Unknown																					
BS_VW4XN9Y7	GRCh38	TERT	ENST00000310581			chr5	1287182	1287182	T	T	C	Intron	SNP	6	88	0.06382978723404255	True	True	False	Unknown		Unknown																					
BS_VW4XN9Y7	GRCh38	TERT	ENST00000310581			chr5	1298925	1298925	A	A	C	5'Flank	SNP	26	65	0.2857142857142857	True	True	True	Gain-of-function	24657534;25048572;23530248;23348506;23348503;23887589	Oncogenic																					
BS_VW4XN9Y7	GRCh38	MSH3	ENST00000265081			chr5	80656014	80656014	T	T	C	Intron	SNP	11	88	0.1111111111111111	True	True	False	Unknown		Unknown																					
BS_VW4XN9Y7	GRCh38	MSH3	ENST00000265081			chr5	80670458	80670458	A	A	G	Intron	SNP	19	68	0.21839080459770116	True	True	False	Unknown		Unknown																					
BS_VW4XN9Y7	GRCh38	MSH3	ENST00000265081			chr5	80670996	80670996	G	G	A	Intron	SNP	12	65	0.15584415584415584	True	True	False	Unknown		Unknown																					
BS_VW4XN9Y7	GRCh38	MSH3	ENST00000265081			chr5	80681090	80681090	G	G	T	Intron	SNP	12	104	0.10344827586206896	True	True	False	Unknown		Unknown																					
BS_VW4XN9Y7	GRCh38	MSH3	ENST00000265081			chr5	80689710	80689710	G	G	A	Intron	SNP	37	43	0.4625	True	True	False	Unknown		Unknown																					
BS_VW4XN9Y7	GRCh38	MSH3	ENST00000265081			chr5	80692850	80692850	T	T	C	Intron	SNP	43	117	0.26875	True	True	False	Unknown		Unknown																					
BS_VW4XN9Y7	GRCh38	MSH3	ENST00000265081			chr5	80698195	80698195	G	G	A	Intron	SNP	37	58	0.3894736842105263	True	True	False	Unknown		Unknown																					
BS_VW4XN9Y7	GRCh38	MSH3	ENST00000265081			chr5	80698244	80698244	T	T	C	Intron	SNP	9	77	0.10465116279069768	True	True	False	Unknown		Unknown																					
BS_VW4XN9Y7	GRCh38	MSH3	ENST00000265081			chr5	80703227	80703227	A	A	C	Intron	SNP	49	70	0.4117647058823529	True	True	False	Unknown		Unknown																					
BS_VW4XN9Y7	GRCh38	MSH3	ENST00000265081			chr5	80703658	80703658	T	T	C	Intron	SNP	28	64	0.30434782608695654	True	True	False	Unknown		Unknown																					
BS_VW4XN9Y7	GRCh38	MSH3	ENST00000265081			chr5	80711741	80711741	G	G	A	Intron	SNP	13	103	0.11206896551724138	True	True	False	Unknown		Unknown																					
BS_VW4XN9Y7	GRCh38	MSH3	ENST00000265081			chr5	80712925	80712925	G	G	T	Intron	SNP	36	73	0.3302752293577982	True	True	False	Unknown		Unknown																					
BS_VW4XN9Y7	GRCh38	MSH3	ENST00000265081			chr5	80714715	80714715	C	C	T	Intron	SNP	4	55	0.06779661016949153	True	True	False	Unknown		Unknown																					
BS_VW4XN9Y7	GRCh38	MSH3	ENST00000265081			chr5	80720630	80720630	A	A	C	Intron	SNP	34	74	0.3148148148148148	True	True	False	Unknown		Unknown																					
BS_VW4XN9Y7	GRCh38	MSH3	ENST00000265081			chr5	80722055	80722055	A	A	G	Intron	SNP	18	89	0.16822429906542055	True	True	False	Unknown		Unknown																					
BS_VW4XN9Y7	GRCh38	MSH3	ENST00000265081	p.V481F	p.Val481Phe	chr5	80725553	80725553	G	G	T	Missense_Mutation	SNP	38	53	0.4175824175824176	True	True	False	Unknown		Unknown																					
BS_VW4XN9Y7	GRCh38	MSH3	ENST00000265081			chr5	80745727	80745727	A	A	C	Intron	SNP	40	78	0.3389830508474576	True	True	False	Unknown		Unknown																					
BS_VW4XN9Y7	GRCh38	MSH3	ENST00000265081			chr5	80745981	80745982	-	-	TT	Intron	INS	29	60	0.3258426966292135	True	True	False	Unknown		Unknown																					
BS_VW4XN9Y7	GRCh38	MSH3	ENST00000265081			chr5	80750954	80750954	C	C	T	Intron	SNP	10	89	0.10101010101010101	True	True	False	Unknown		Unknown																					
BS_VW4XN9Y7	GRCh38	MSH3	ENST00000265081			chr5	80760418	80760418	G	G	T	Intron	SNP	39	69	0.3611111111111111	True	True	False	Unknown		Unknown																					
BS_VW4XN9Y7	GRCh38	MSH3	ENST00000265081			chr5	80762790	80762791	-	-	TTATTTTATGTTATG	Intron	INS	13	28	0.3170731707317073	True	True	False	Unknown		Unknown																					
BS_VW4XN9Y7	GRCh38	MSH3	ENST00000265081			chr5	80766905	80766905	T	T	A	Intron	SNP	11	86	0.1134020618556701	True	True	False	Unknown		Unknown																					
BS_VW4XN9Y7	GRCh38	MSH3	ENST00000265081	p.K716R	p.Lys716Arg	chr5	80768897	80768897	A	A	G	Missense_Mutation	SNP	19	78	0.1958762886597938	True	True	False	Unknown		Unknown																					
BS_VW4XN9Y7	GRCh38	MSH3	ENST00000265081			chr5	80771106	80771106	G	G	A	Intron	SNP	52	71	0.42276422764227645	True	True	False	Unknown		Unknown																					
BS_VW4XN9Y7	GRCh38	MSH3	ENST00000265081			chr5	80772468	80772468	G	G	A	Intron	SNP	33	75	0.3055555555555556	True	True	False	Unknown		Unknown																					
BS_VW4XN9Y7	GRCh38	MSH3	ENST00000265081			chr5	80779532	80779533	-	-	A	Intron	INS	34	60	0.3617021276595745	True	True	False	Unknown		Unknown																					
BS_VW4XN9Y7	GRCh38	MSH3	ENST00000265081			chr5	80782668	80782669	-	-	A	Intron	INS	13	91	0.125	True	True	False	Unknown		Unknown																					
BS_VW4XN9Y7	GRCh38	MSH3	ENST00000265081			chr5	80784242	80784242	G	G	A	Intron	SNP	27	52	0.34177215189873417	True	True	False	Unknown		Unknown																					
BS_VW4XN9Y7	GRCh38	MSH3	ENST00000265081			chr5	80786862	80786862	G	G	A	Intron	SNP	44	99	0.3076923076923077	True	True	False	Unknown		Unknown																					
BS_VW4XN9Y7	GRCh38	MSH3	ENST00000265081			chr5	80788713	80788713	G	G	T	Intron	SNP	30	50	0.375	True	True	False	Unknown		Unknown																					
BS_VW4XN9Y7	GRCh38	MSH3	ENST00000265081			chr5	80791351	80791351	G	G	T	Intron	SNP	9	112	0.0743801652892562	True	True	False	Unknown		Unknown																					
BS_VW4XN9Y7	GRCh38	MSH3	ENST00000265081			chr5	80802585	80802585	T	T	C	Intron	SNP	48	76	0.3870967741935484	True	True	False	Unknown		Unknown																					
BS_VW4XN9Y7	GRCh38	MSH3	ENST00000265081			chr5	80810284	80810284	T	T	C	Intron	SNP	7	96	0.06796116504854369	True	True	False	Unknown		Unknown																					
BS_VW4XN9Y7	GRCh38	MSH3	ENST00000265081			chr5	80812031	80812031	G	G	T	Intron	SNP	46	87	0.3458646616541353	True	True	False	Unknown		Unknown																					
BS_VW4XN9Y7	GRCh38	MSH3	ENST00000265081			chr5	80813341	80813341	G	G	T	Intron	SNP	6	114	0.05	True	True	False	Unknown		Unknown																					
BS_VW4XN9Y7	GRCh38	MSH3	ENST00000265081			chr5	80815480	80815480	G	G	T	Intron	SNP	28	64	0.30434782608695654	True	True	False	Unknown		Unknown																					
BS_VW4XN9Y7	GRCh38	MSH3	ENST00000265081			chr5	80826540	80826540	G	G	T	Intron	SNP	26	60	0.3023255813953488	True	True	False	Unknown		Unknown																					
BS_VW4XN9Y7	GRCh38	MSH3	ENST00000265081			chr5	80840500	80840500	G	G	A	Intron	SNP	13	74	0.14942528735632185	True	True	False	Unknown		Unknown																					
BS_VW4XN9Y7	GRCh38	MSH3	ENST00000265081			chr5	80840590	80840590	T	T	G	Intron	SNP	16	79	0.16842105263157894	True	True	False	Unknown		Unknown																					
BS_VW4XN9Y7	GRCh38	MSH3	ENST00000265081			chr5	80841333	80841333	T	T	G	Intron	SNP	13	89	0.12745098039215685	True	True	False	Unknown		Unknown																					
BS_VW4XN9Y7	GRCh38	MSH3	ENST00000265081			chr5	80841436	80841436	G	G	T	Intron	SNP	38	64	0.37254901960784315	True	True	False	Unknown		Unknown																					
BS_VW4XN9Y7	GRCh38	MSH3	ENST00000265081			chr5	80848491	80848491	G	G	T	Intron	SNP	9	96	0.08571428571428572	True	True	False	Unknown		Unknown																					
BS_VW4XN9Y7	GRCh38	MSH3	ENST00000265081			chr5	80852781	80852781	G	G	T	Intron	SNP	13	98	0.11711711711711711	True	True	False	Unknown		Unknown																					
BS_VW4XN9Y7	GRCh38	MSH3	ENST00000265081			chr5	80853531	80853531	G	G	A	Intron	SNP	10	130	0.07142857142857142	True	True	False	Unknown		Unknown																					
BS_VW4XN9Y7	GRCh38	MSH3	ENST00000265081			chr5	80860734	80860734	T	T	C	Intron	SNP	17	71	0.19318181818181818	True	True	False	Unknown		Unknown																					
BS_VW4XN9Y7	GRCh38	MSH3	ENST00000265081			chr5	80860745	80860745	A	A	C	Intron	SNP	41	49	0.45555555555555555	True	True	False	Unknown		Unknown																					
BS_VW4XN9Y7	GRCh38	MSH3	ENST00000265081			chr5	80863622	80863622	G	G	T	Intron	SNP	27	71	0.2755102040816326	True	True	False	Unknown		Unknown																					
BS_VW4XN9Y7	GRCh38	MSH3	ENST00000265081			chr5	80867754	80867754	T	T	G	Intron	SNP	39	84	0.3170731707317073	True	True	False	Unknown		Unknown																					
BS_VW4XN9Y7	GRCh38	MSH3	ENST00000265081			chr5	80869552	80869552	T	T	G	Intron	SNP	32	42	0.43243243243243246	True	True	False	Unknown		Unknown																					
BS_VW4XN9Y7	GRCh38	MSH3	ENST00000265081			chr5	80870615	80870615	G	G	A	Intron	SNP	43	50	0.46236559139784944	True	True	False	Unknown		Unknown																					
BS_VW4XN9Y7	GRCh38	MSH3	ENST00000265081			chr5	80880728	80880728	G	G	T	3'Flank	SNP	39	51	0.43333333333333335	True	True	False	Unknown		Unknown																					
BS_VW4XN9Y7	GRCh38	DAXX	ENST00000374542			chr6	33320231	33320231	G	G	T	Splice_Region	SNP	16	94	0.14545454545454545	True	True	False	Likely Loss-of-function	29092957;21252315	Likely Oncogenic																					
BS_VW4XN9Y7	GRCh38	PMS2	ENST00000265849			chr7	5998689	5998689	A	A	G	Intron	SNP	6	49	0.10909090909090909	True	True	False	Unknown		Unknown																					
BS_VW4XN9Y7	GRCh38	PMS2	ENST00000265849			chr7	5999057	5999057	G	G	A	Intron	SNP	12	70	0.14634146341463414	True	True	False	Unknown		Unknown																					
BS_VW4XN9Y7	GRCh38	RPA3	ENST00000223129			chr7	7634524	7634524	G	G	T	3'Flank	SNP	39	58	0.4020618556701031	True	False	False	Unknown		Unknown																					
BS_VW4XN9Y7	GRCh38	RPA3	ENST00000223129			chr7	7639365	7639365	T	T	G	Intron	SNP	4	73	0.05194805194805195	True	False	False	Unknown		Unknown																					
BS_VW4XN9Y7	GRCh38	RPA3	ENST00000223129			chr7	7645402	7645402	C	C	A	Intron	SNP	48	60	0.4444444444444444	True	False	False	Unknown		Unknown																					
BS_VW4XN9Y7	GRCh38	RPA3	ENST00000223129			chr7	7651731	7651731	G	G	T	Intron	SNP	37	75	0.33035714285714285	True	False	False	Unknown		Unknown																					
BS_VW4XN9Y7	GRCh38	RPA3	ENST00000223129			chr7	7666289	7666289	G	G	A	Intron	SNP	9	96	0.08571428571428572	True	False	False	Unknown		Unknown																					
BS_VW4XN9Y7	GRCh38	RPA3	ENST00000223129			chr7	7682684	7682684	T	T	C	Intron	SNP	9	118	0.07086614173228346	True	False	False	Unknown		Unknown																					
BS_VW4XN9Y7	GRCh38	RPA3	ENST00000223129			chr7	7684368	7684369	-	-	T	Intron	INS	35	61	0.3645833333333333	True	False	False	Unknown		Unknown																					
BS_VW4XN9Y7	GRCh38	RPA3	ENST00000223129			chr7	7698710	7698710	T	T	C	Intron	SNP	9	108	0.07692307692307693	True	False	False	Unknown		Unknown																					
BS_VW4XN9Y7	GRCh38	RPA3	ENST00000223129			chr7	7701122	7701122	T	T	C	Intron	SNP	49	56	0.4666666666666667	True	False	False	Unknown		Unknown																					
BS_VW4XN9Y7	GRCh38	RPA3	ENST00000223129			chr7	7703659	7703659	G	G	T	Intron	SNP	20	74	0.2127659574468085	True	False	False	Unknown		Unknown																					
BS_VW4XN9Y7	GRCh38	RPA3	ENST00000223129			chr7	7704413	7704413	G	G	A	Intron	SNP	8	93	0.07920792079207921	True	False	False	Unknown		Unknown																					
BS_VW4XN9Y7	GRCh38	RPA3	ENST00000223129			chr7	7711117	7711117	A	A	G	Intron	SNP	16	93	0.14678899082568808	True	False	False	Unknown		Unknown																					
BS_VW4XN9Y7	GRCh38	RPA3	ENST00000223129			chr7	7712867	7712867	G	G	T	Intron	SNP	37	73	0.33636363636363636	True	False	False	Unknown		Unknown																					
BS_VW4XN9Y7	GRCh38	RPA3	ENST00000223129			chr7	7712926	7712926	C	C	A	Intron	SNP	21	88	0.1926605504587156	True	False	False	Unknown		Unknown																					
BS_VW4XN9Y7	GRCh38	RPA3	ENST00000223129			chr7	7713290	7713290	G	G	A	Intron	SNP	4	67	0.056338028169014086	True	False	False	Unknown		Unknown																					
BS_VW4XN9Y7	GRCh38	RPA3	ENST00000223129			chr7	7717187	7717187	G	G	T	Intron	SNP	44	49	0.4731182795698925	True	False	False	Unknown		Unknown																					
BS_VW4XN9Y7	GRCh38	POLD2	ENST00000610533	p.S322=	p.Ser322=	chr7	44116430	44116430	G	G	A	Splice_Region	SNP	23	46	0.3333333333333333	True	False	False	Unknown		Unknown																					
BS_VW4XN9Y7	GRCh38	POLD2	ENST00000610533			chr7	44118321	44118321	G	G	T	Intron	SNP	28	52	0.35	True	False	False	Unknown		Unknown																					
BS_VW4XN9Y7	GRCh38	POLD2	ENST00000610533			chr7	44119833	44119833	G	G	A	Intron	SNP	35	62	0.36082474226804123	True	False	False	Unknown		Unknown																					
BS_VW4XN9Y7	GRCh38	POLD2	ENST00000610533			chr7	44120641	44120641	C	C	T	Intron	SNP	13	85	0.1326530612244898	True	False	False	Unknown		Unknown																					
BS_VW4XN9Y7	GRCh38	POLD2	ENST00000610533			chr7	44122693	44122693	C	C	A	Intron	SNP	9	66	0.12	True	False	False	Unknown		Unknown																					
BS_VW4XN9Y7	GRCh38	POLD2	ENST00000610533			chr7	44125752	44125752	C	C	T	5'Flank	SNP	16	65	0.19753086419753085	True	False	False	Unknown		Unknown																					
BS_VW4XN9Y7	GRCh38	POLD2	ENST00000610533			chr7	44127683	44127683	A	A	G	5'Flank	SNP	15	75	0.16666666666666666	True	False	False	Unknown		Unknown																					
BS_VW4XN9Y7	GRCh38	RFC2	ENST00000055077			chr7	74234657	74234657	C	C	A	Intron	SNP	13	77	0.14444444444444443	True	False	False	Unknown		Unknown																					
BS_VW4XN9Y7	GRCh38	RFC2	ENST00000055077			chr7	74241685	74241685	C	C	T	Intron	SNP	33	84	0.28205128205128205	True	False	False	Unknown		Unknown																					
BS_VW4XN9Y7	GRCh38	RFC2	ENST00000055077			chr7	74242107	74242107	C	C	T	Intron	SNP	31	67	0.3163265306122449	True	False	False	Unknown		Unknown																					
BS_VW4XN9Y7	GRCh38	RFC2	ENST00000055077			chr7	74246273	74246273	C	C	T	Intron	SNP	22	60	0.2682926829268293	True	False	False	Unknown		Unknown																					
BS_VW4XN9Y7	GRCh38	RFC2	ENST00000055077			chr7	74255690	74255691	-	-	A	5'Flank	INS	7	104	0.06306306306306306	True	False	False	Unknown		Unknown																					
BS_VW4XN9Y7	GRCh38	SSBP1	ENST00000481508			chr7	141736355	141736356	-	-	C	5'Flank	INS	28	74	0.27450980392156865	True	False	False	Unknown		Unknown																					
BS_VW4XN9Y7	GRCh38	SSBP1	ENST00000481508			chr7	141737403	141737403	G	G	T	5'Flank	SNP	14	78	0.15217391304347827	True	False	False	Unknown		Unknown																					
BS_VW4XN9Y7	GRCh38	SSBP1	ENST00000481508			chr7	141741369	141741369	G	G	T	Intron	SNP	15	98	0.13274336283185842	True	False	False	Unknown		Unknown																					
BS_VW4XN9Y7	GRCh38	SSBP1	ENST00000481508			chr7	141746898	141746899	-	-	A	Intron	INS	11	97	0.10185185185185185	True	False	False	Unknown		Unknown																					
BS_VW4XN9Y7	GRCh38	SSBP1	ENST00000481508			chr7	141750726	141750726	T	T	C	3'Flank	SNP	32	87	0.2689075630252101	True	False	False	Unknown		Unknown																					
BS_VW4XN9Y7	GRCh38	SSBP1	ENST00000481508			chr7	141751233	141751233	G	G	T	3'Flank	SNP	18	88	0.16981132075471697	True	False	False	Unknown		Unknown																					
BS_VW4XN9Y7	GRCh38	POLD4	ENST00000312419			chr11	67349269	67349269	T	T	C	3'Flank	SNP	33	49	0.4024390243902439	True	False	False	Unknown		Unknown																					
BS_VW4XN9Y7	GRCh38	POLD4	ENST00000312419			chr11	67351799	67351799	C	C	T	3'UTR	SNP	26	49	0.3466666666666667	True	False	False	Unknown		Unknown																					
BS_VW4XN9Y7	GRCh38	POLD4	ENST00000312419			chr11	67352274	67352274	C	C	A	Intron	SNP	22	54	0.2894736842105263	True	False	False	Unknown		Unknown																					
BS_VW4XN9Y7	GRCh38	POLD4	ENST00000312419			chr11	67353133	67353133	C	C	A	Intron	SNP	15	82	0.15463917525773196	True	False	False	Unknown		Unknown																					
BS_VW4XN9Y7	GRCh38	POLD4	ENST00000312419			chr11	67356583	67356583	G	G	A	5'Flank	SNP	16	70	0.18604651162790697	True	False	False	Unknown		Unknown																					
BS_VW4XN9Y7	GRCh38	POLD3	ENST00000528481			chr11	74513176	74513176	A	A	G	Intron	SNP	8	76	0.09523809523809523	True	False	False	Unknown		Unknown																					
BS_VW4XN9Y7	GRCh38	POLD3	ENST00000528481			chr11	74515324	74515324	G	G	T	Intron	SNP	17	88	0.1619047619047619	True	False	False	Unknown		Unknown																					
BS_VW4XN9Y7	GRCh38	POLD3	ENST00000528481			chr11	74515961	74515961	A	A	C	Intron	SNP	38	73	0.34234234234234234	True	False	False	Unknown		Unknown																					
BS_VW4XN9Y7	GRCh38	POLD3	ENST00000528481			chr11	74522391	74522391	C	C	A	Intron	SNP	37	60	0.38144329896907214	True	False	False	Unknown		Unknown																					
BS_VW4XN9Y7	GRCh38	POLD3	ENST00000528481			chr11	74523175	74523175	G	G	T	Intron	SNP	9	104	0.07964601769911504	True	False	False	Unknown		Unknown																					
BS_VW4XN9Y7	GRCh38	POLD3	ENST00000528481			chr11	74524557	74524557	G	G	A	Intron	SNP	33	68	0.32673267326732675	True	False	False	Unknown		Unknown																					
BS_VW4XN9Y7	GRCh38	POLD3	ENST00000528481			chr11	74535221	74535221	A	A	-	Intron	DEL	12	110	0.09836065573770492	True	False	False	Unknown		Unknown																					
BS_VW4XN9Y7	GRCh38	POLD3	ENST00000528481			chr11	74550005	74550005	T	T	C	Intron	SNP	19	72	0.2087912087912088	True	False	False	Unknown		Unknown																					
BS_VW4XN9Y7	GRCh38	POLD3	ENST00000528481			chr11	74552077	74552077	T	T	G	Intron	SNP	13	88	0.12871287128712872	True	False	False	Unknown		Unknown																					
BS_VW4XN9Y7	GRCh38	POLD3	ENST00000528481			chr11	74558142	74558142	G	G	A	Intron	SNP	7	92	0.0707070707070707	True	False	False	Unknown		Unknown																					
BS_VW4XN9Y7	GRCh38	POLD3	ENST00000528481			chr11	74570044	74570044	G	G	T	Intron	SNP	16	58	0.21621621621621623	True	False	False	Unknown		Unknown																					
BS_VW4XN9Y7	GRCh38	POLD3	ENST00000263681			chr11	74590098	74590098	G	G	A	5'Flank	SNP	11	80	0.12087912087912088	True	False	False	Unknown		Unknown																					
BS_VW4XN9Y7	GRCh38	POLD3	ENST00000263681			chr11	74596243	74596243	G	G	A	Intron	SNP	20	45	0.3076923076923077	True	False	False	Unknown		Unknown																					
BS_VW4XN9Y7	GRCh38	POLD3	ENST00000263681			chr11	74602017	74602017	G	G	A	Intron	SNP	11	89	0.11	True	False	False	Unknown		Unknown																					
BS_VW4XN9Y7	GRCh38	POLD3	ENST00000263681			chr11	74603988	74603988	G	G	A	Intron	SNP	5	83	0.056818181818181816	True	False	False	Unknown		Unknown																					
BS_VW4XN9Y7	GRCh38	POLD3	ENST00000263681			chr11	74615782	74615782	T	T	C	Intron	SNP	8	114	0.06557377049180328	True	False	False	Unknown		Unknown																					
BS_VW4XN9Y7	GRCh38	POLD3	ENST00000263681			chr11	74615800	74615800	G	G	A	Intron	SNP	9	119	0.0703125	True	False	False	Unknown		Unknown																					
BS_VW4XN9Y7	GRCh38	POLD3	ENST00000263681			chr11	74629424	74629424	A	A	G	Intron	SNP	14	85	0.1414141414141414	True	False	False	Unknown		Unknown																					
BS_VW4XN9Y7	GRCh38	POLD3	ENST00000263681			chr11	74633936	74633936	A	A	G	Intron	SNP	49	52	0.48514851485148514	True	False	False	Unknown		Unknown																					
BS_VW4XN9Y7	GRCh38	POLD3	ENST00000263681			chr11	74637396	74637396	T	T	G	Intron	SNP	26	61	0.2988505747126437	True	False	False	Unknown		Unknown																					
BS_VW4XN9Y7	GRCh38	POLD3	ENST00000263681			chr11	74638318	74638318	T	T	C	Intron	SNP	12	54	0.18181818181818182	True	False	False	Unknown		Unknown																					
BS_VW4XN9Y7	GRCh38	POLD3	ENST00000263681			chr11	74645544	74645544	G	G	T	3'Flank	SNP	8	99	0.07476635514018691	True	False	False	Unknown		Unknown																					
BS_VW4XN9Y7	GRCh38	POLD3	ENST00000263681			chr11	74646343	74646343	C	C	A	3'Flank	SNP	35	72	0.32710280373831774	True	False	False	Unknown		Unknown																					
BS_VW4XN9Y7	GRCh38	POLD3	ENST00000524752			chr11	74662195	74662195	T	T	C	Intron	SNP	4	79	0.04819277108433735	True	False	False	Unknown		Unknown																					
BS_VW4XN9Y7	GRCh38	POLD3	ENST00000524752			chr11	74663581	74663581	G	G	T	Intron	SNP	41	70	0.36936936936936937	True	False	False	Unknown		Unknown																					
BS_VW4XN9Y7	GRCh38	POLD3	ENST00000524752			chr11	74667841	74667841	A	A	C	Intron	SNP	7	100	0.06542056074766354	True	False	False	Unknown		Unknown																					
BS_VW4XN9Y7	GRCh38	RFC5	ENST00000454402			chr12	118012682	118012682	A	A	G	5'Flank	SNP	15	70	0.17647058823529413	True	False	False	Unknown		Unknown																					
BS_VW4XN9Y7	GRCh38	RFC5	ENST00000454402			chr12	118012972	118012972	G	G	A	5'Flank	SNP	18	92	0.16363636363636364	True	False	False	Unknown		Unknown																					
BS_VW4XN9Y7	GRCh38	RFC5	ENST00000454402			chr12	118019506	118019506	A	A	C	Intron	SNP	39	53	0.42391304347826086	True	False	False	Unknown		Unknown																					
BS_VW4XN9Y7	GRCh38	RFC5	ENST00000454402			chr12	118023260	118023260	G	G	A	Intron	SNP	22	54	0.2894736842105263	True	False	False	Unknown		Unknown																					
BS_VW4XN9Y7	GRCh38	POLE	ENST00000320574			chr12	132625213	132625213	A	A	G	Intron	SNP	30	49	0.379746835443038	True	True	False	Unknown		Unknown																					
BS_VW4XN9Y7	GRCh38	POLE	ENST00000320574			chr12	132626348	132626348	A	A	C	Intron	SNP	27	46	0.3698630136986301	True	True	False	Unknown		Unknown																					
BS_VW4XN9Y7	GRCh38	POLE	ENST00000320574			chr12	132628598	132628598	G	G	A	Intron	SNP	48	53	0.4752475247524752	True	True	False	Unknown		Unknown																					
BS_VW4XN9Y7	GRCh38	POLE	ENST00000320574			chr12	132628880	132628880	A	A	C	Intron	SNP	10	64	0.13513513513513514	True	True	False	Unknown		Unknown																					
BS_VW4XN9Y7	GRCh38	POLE	ENST00000320574			chr12	132633522	132633522	G	G	A	Intron	SNP	31	54	0.36470588235294116	True	True	False	Unknown		Unknown																					
BS_VW4XN9Y7	GRCh38	POLE	ENST00000320574			chr12	132634605	132634605	G	G	A	Intron	SNP	13	73	0.1511627906976744	True	True	False	Unknown		Unknown																					
BS_VW4XN9Y7	GRCh38	POLE	ENST00000320574			chr12	132635708	132635708	G	G	A	Intron	SNP	6	90	0.0625	True	True	False	Unknown		Unknown																					
BS_VW4XN9Y7	GRCh38	POLE	ENST00000320574			chr12	132636108	132636108	T	T	C	Intron	SNP	34	46	0.425	True	True	False	Unknown		Unknown																					
BS_VW4XN9Y7	GRCh38	POLE	ENST00000320574			chr12	132638256	132638256	G	G	T	Intron	SNP	8	65	0.1095890410958904	True	True	False	Unknown		Unknown																					
BS_VW4XN9Y7	GRCh38	POLE	ENST00000320574			chr12	132638464	132638464	G	G	T	Intron	SNP	31	56	0.3563218390804598	True	True	False	Unknown		Unknown																					
BS_VW4XN9Y7	GRCh38	POLE	ENST00000320574			chr12	132642072	132642072	G	G	A	Intron	SNP	6	95	0.0594059405940594	True	True	False	Unknown		Unknown																					
BS_VW4XN9Y7	GRCh38	POLE	ENST00000320574			chr12	132644199	132644199	T	T	G	Intron	SNP	7	70	0.09090909090909091	True	True	False	Unknown		Unknown																					
BS_VW4XN9Y7	GRCh38	POLE	ENST00000320574			chr12	132645536	132645536	C	C	T	Intron	SNP	41	45	0.47674418604651164	True	True	False	Unknown		Unknown																					
BS_VW4XN9Y7	GRCh38	POLE	ENST00000320574			chr12	132649103	132649103	A	A	C	Intron	SNP	21	72	0.22580645161290322	True	True	False	Unknown		Unknown																					
BS_VW4XN9Y7	GRCh38	POLE	ENST00000320574	p.P1330L	p.Pro1330Leu	chr12	132649322	132649322	G	G	A	Missense_Mutation	SNP	16	95	0.14414414414414414	True	True	False	Unknown		Unknown																					
BS_VW4XN9Y7	GRCh38	POLE	ENST00000320574			chr12	132650150	132650150	G	G	A	Intron	SNP	8	111	0.06722689075630252	True	True	False	Unknown		Unknown																					
BS_VW4XN9Y7	GRCh38	POLE	ENST00000320574			chr12	132650571	132650571	C	C	T	Intron	SNP	3	51	0.05555555555555555	True	True	False	Unknown		Unknown																					
BS_VW4XN9Y7	GRCh38	POLE	ENST00000320574			chr12	132652402	132652402	G	G	T	Intron	SNP	18	41	0.3050847457627119	True	True	False	Unknown		Unknown																					
BS_VW4XN9Y7	GRCh38	POLE	ENST00000320574			chr12	132656551	132656551	G	G	A	Intron	SNP	40	63	0.3883495145631068	True	True	False	Unknown		Unknown																					
BS_VW4XN9Y7	GRCh38	POLE	ENST00000320574			chr12	132656707	132656707	G	G	T	Intron	SNP	42	52	0.44680851063829785	True	True	False	Unknown		Unknown																					
BS_VW4XN9Y7	GRCh38	POLE	ENST00000320574			chr12	132661779	132661779	A	A	G	Intron	SNP	28	43	0.39436619718309857	True	True	False	Unknown		Unknown																					
BS_VW4XN9Y7	GRCh38	POLE	ENST00000320574			chr12	132662694	132662694	G	G	A	Intron	SNP	43	60	0.4174757281553398	True	True	False	Unknown		Unknown																					
BS_VW4XN9Y7	GRCh38	POLE	ENST00000320574			chr12	132663142	132663142	G	G	A	Intron	SNP	42	74	0.3620689655172414	True	True	False	Unknown		Unknown																					
BS_VW4XN9Y7	GRCh38	POLE	ENST00000320574			chr12	132666418	132666418	T	T	C	Intron	SNP	32	49	0.3950617283950617	True	True	False	Unknown		Unknown																					
BS_VW4XN9Y7	GRCh38	POLE	ENST00000320574			chr12	132670161	132670161	G	G	A	Intron	SNP	28	55	0.3373493975903614	True	True	False	Unknown		Unknown																					
BS_VW4XN9Y7	GRCh38	POLE	ENST00000320574			chr12	132670411	132670412	-	-	T	Intron	INS	24	42	0.36363636363636365	True	True	False	Unknown		Unknown																					
BS_VW4XN9Y7	GRCh38	POLE	ENST00000320574			chr12	132672410	132672410	G	G	T	Intron	SNP	10	52	0.16129032258064516	True	True	False	Unknown		Unknown																					
BS_VW4XN9Y7	GRCh38	POLE	ENST00000320574			chr12	132673375	132673375	G	G	A	Intron	SNP	9	86	0.09473684210526316	True	True	False	Unknown		Unknown																					
BS_VW4XN9Y7	GRCh38	POLE	ENST00000320574			chr12	132674382	132674382	A	A	G	Intron	SNP	22	63	0.25882352941176473	True	True	False	Unknown		Unknown																					
BS_VW4XN9Y7	GRCh38	POLE	ENST00000320574			chr12	132674611	132674611	A	A	G	Intron	SNP	14	79	0.15053763440860216	True	True	False	Unknown		Unknown																					
BS_VW4XN9Y7	GRCh38	POLE	ENST00000320574	p.S297Y	p.Ser297Tyr	chr12	132676565	132676565	G	G	T	Missense_Mutation	SNP	31	59	0.34444444444444444	True	True	True	Likely Loss-of-function	24472300;25228659	Likely Oncogenic																					
BS_VW4XN9Y7	GRCh38	POLE	ENST00000320574			chr12	132677787	132677787	A	A	G	Intron	SNP	7	81	0.07954545454545454	True	True	False	Unknown		Unknown																					
BS_VW4XN9Y7	GRCh38	RFC3	ENST00000380071			chr13	33814115	33814115	G	G	T	5'Flank	SNP	8	117	0.064	True	False	False	Unknown		Unknown																					
BS_VW4XN9Y7	GRCh38	RFC3	ENST00000380071			chr13	33814636	33814636	G	G	A	5'Flank	SNP	42	74	0.3620689655172414	True	False	False	Unknown		Unknown																					
BS_VW4XN9Y7	GRCh38	RFC3	ENST00000380071			chr13	33818165	33818165	G	G	T	5'UTR	SNP	9	68	0.11688311688311688	True	False	False	Unknown		Unknown																					
BS_VW4XN9Y7	GRCh38	RFC3	ENST00000380071			chr13	33822696	33822696	C	C	T	Intron	SNP	16	93	0.14678899082568808	True	False	False	Unknown		Unknown																					
BS_VW4XN9Y7	GRCh38	RFC3	ENST00000380071			chr13	33824411	33824411	T	T	C	Intron	SNP	27	66	0.2903225806451613	True	False	False	Unknown		Unknown																					
BS_VW4XN9Y7	GRCh38	RFC3	ENST00000380071			chr13	33826542	33826542	G	G	A	Intron	SNP	50	83	0.37593984962406013	True	False	False	Unknown		Unknown																					
BS_VW4XN9Y7	GRCh38	RFC3	ENST00000380071			chr13	33827872	33827872	A	A	T	Intron	SNP	10	104	0.08771929824561403	True	False	False	Unknown		Unknown																					
BS_VW4XN9Y7	GRCh38	RFC3	ENST00000380071			chr13	33833827	33833827	A	A	G	Intron	SNP	11	80	0.12087912087912088	True	False	False	Unknown		Unknown																					
BS_VW4XN9Y7	GRCh38	RFC3	ENST00000380071			chr13	33839130	33839130	G	G	T	3'Flank	SNP	12	89	0.1188118811881188	True	False	False	Unknown		Unknown																					
BS_VW4XN9Y7	GRCh38	RFC3	ENST00000434425			chr13	33869753	33869753	T	T	G	Intron	SNP	9	91	0.09	True	False	False	Unknown		Unknown																					
BS_VW4XN9Y7	GRCh38	RFC3	ENST00000434425			chr13	33870984	33870984	T	T	C	Intron	SNP	17	91	0.1574074074074074	True	False	False	Unknown		Unknown																					
BS_VW4XN9Y7	GRCh38	RFC3	ENST00000434425			chr13	33873935	33873935	A	A	G	Intron	SNP	18	93	0.16216216216216217	True	False	False	Unknown		Unknown																					
BS_VW4XN9Y7	GRCh38	RFC3	ENST00000434425			chr13	33879561	33879561	A	A	C	Intron	SNP	21	107	0.1640625	True	False	False	Unknown		Unknown																					
BS_VW4XN9Y7	GRCh38	RFC3	ENST00000434425			chr13	33879787	33879787	G	G	A	Intron	SNP	13	91	0.125	True	False	False	Unknown		Unknown																					
BS_VW4XN9Y7	GRCh38	RFC3	ENST00000434425			chr13	33879908	33879908	G	G	T	Intron	SNP	14	94	0.12962962962962962	True	False	False	Unknown		Unknown																					
BS_VW4XN9Y7	GRCh38	RFC3	ENST00000434425			chr13	33879978	33879978	T	T	C	Intron	SNP	15	74	0.16853932584269662	True	False	False	Unknown		Unknown																					
BS_VW4XN9Y7	GRCh38	RFC3	ENST00000434425			chr13	33884437	33884437	T	T	G	Intron	SNP	23	88	0.2072072072072072	True	False	False	Unknown		Unknown																					
BS_VW4XN9Y7	GRCh38	RFC3	ENST00000434425			chr13	33888847	33888847	G	G	A	Intron	SNP	7	80	0.08045977011494253	True	False	False	Unknown		Unknown																					
BS_VW4XN9Y7	GRCh38	RFC3	ENST00000434425			chr13	33896751	33896751	A	A	C	Intron	SNP	19	38	0.3333333333333333	True	False	False	Unknown		Unknown																					
BS_VW4XN9Y7	GRCh38	RFC3	ENST00000434425			chr13	33898885	33898885	A	A	G	Intron	SNP	23	91	0.20175438596491227	True	False	False	Unknown		Unknown																					
BS_VW4XN9Y7	GRCh38	RFC3	ENST00000434425			chr13	33899589	33899589	A	A	C	Intron	SNP	32	67	0.32323232323232326	True	False	False	Unknown		Unknown																					
BS_VW4XN9Y7	GRCh38	RFC3	ENST00000434425			chr13	33901921	33901921	G	G	A	Intron	SNP	10	107	0.08547008547008547	True	False	False	Unknown		Unknown																					
BS_VW4XN9Y7	GRCh38	RFC3	ENST00000434425			chr13	33904213	33904213	A	A	C	Intron	SNP	29	70	0.29292929292929293	True	False	False	Unknown		Unknown																					
BS_VW4XN9Y7	GRCh38	RFC3	ENST00000434425			chr13	33904476	33904476	G	G	T	Intron	SNP	22	67	0.24719101123595505	True	False	False	Unknown		Unknown																					
BS_VW4XN9Y7	GRCh38	RFC3	ENST00000434425			chr13	33917080	33917080	A	A	C	Intron	SNP	36	76	0.32142857142857145	True	False	False	Unknown		Unknown																					
BS_VW4XN9Y7	GRCh38	RFC3	ENST00000434425			chr13	33930087	33930087	G	G	T	Intron	SNP	4	81	0.047058823529411764	True	False	False	Unknown		Unknown																					
BS_VW4XN9Y7	GRCh38	RFC3	ENST00000434425			chr13	33935488	33935488	G	G	T	Intron	SNP	45	84	0.3488372093023256	True	False	False	Unknown		Unknown																					
BS_VW4XN9Y7	GRCh38	RFC3	ENST00000434425			chr13	33938451	33938451	G	G	A	Intron	SNP	12	87	0.12121212121212122	True	False	False	Unknown		Unknown																					
BS_VW4XN9Y7	GRCh38	RFC3	ENST00000434425			chr13	33938624	33938624	C	C	A	Intron	SNP	10	114	0.08064516129032258	True	False	False	Unknown		Unknown																					
BS_VW4XN9Y7	GRCh38	RFC3	ENST00000434425			chr13	33946832	33946832	G	G	A	Intron	SNP	6	102	0.05555555555555555	True	False	False	Unknown		Unknown																					
BS_VW4XN9Y7	GRCh38	RFC3	ENST00000434425			chr13	33947059	33947059	C	C	T	Intron	SNP	14	108	0.11475409836065574	True	False	False	Unknown		Unknown																					
BS_VW4XN9Y7	GRCh38	RFC3	ENST00000434425			chr13	33948193	33948193	G	G	A	Intron	SNP	28	66	0.2978723404255319	True	False	False	Unknown		Unknown																					
BS_VW4XN9Y7	GRCh38	RFC3	ENST00000434425			chr13	33954856	33954856	A	A	G	Intron	SNP	17	105	0.13934426229508196	True	False	False	Unknown		Unknown																					
BS_VW4XN9Y7	GRCh38	RFC3	ENST00000434425			chr13	33956779	33956779	A	A	G	Intron	SNP	9	104	0.07964601769911504	True	False	False	Unknown		Unknown																					
BS_VW4XN9Y7	GRCh38	RFC3	ENST00000434425			chr13	33962630	33962630	A	A	C	Intron	SNP	9	116	0.072	True	False	False	Unknown		Unknown																					
BS_VW4XN9Y7	GRCh38	RFC3	ENST00000434425			chr13	33970415	33970415	A	A	C	3'Flank	SNP	18	95	0.1592920353982301	True	False	False	Unknown		Unknown																					
BS_VW4XN9Y7	GRCh38	MLH3	ENST00000355774			chr14	75025065	75025065	C	C	A	Intron	SNP	35	63	0.35714285714285715	True	False	False	Unknown		Unknown																					
BS_VW4XN9Y7	GRCh38	MLH3	ENST00000355774			chr14	75028449	75028449	A	A	G	Intron	SNP	8	63	0.11267605633802817	True	False	False	Unknown		Unknown																					
BS_VW4XN9Y7	GRCh38	MLH3	ENST00000355774			chr14	75034065	75034065	C	C	T	Intron	SNP	11	78	0.12359550561797752	True	False	False	Unknown		Unknown																					
BS_VW4XN9Y7	GRCh38	MLH3	ENST00000355774			chr14	75041800	75041800	T	T	C	Intron	SNP	9	91	0.09	True	False	False	Unknown		Unknown																					
BS_VW4XN9Y7	GRCh38	MLH3	ENST00000355774			chr14	75044090	75044090	A	A	-	Intron	DEL	19	66	0.2235294117647059	True	False	False	Unknown		Unknown																					
BS_VW4XN9Y7	GRCh38	MLH3	ENST00000355774	p.S845=	p.Ser845=	chr14	75047121	75047121	A	A	G	Silent	SNP	7	108	0.06086956521739131	True	False	False	Unknown		Unknown																					
BS_VW4XN9Y7	GRCh38	RPA1	ENST00000254719			chr17	1830843	1830843	G	G	A	Intron	SNP	20	55	0.26666666666666666	True	False	False	Unknown		Unknown																					
BS_VW4XN9Y7	GRCh38	RPA1	ENST00000254719			chr17	1831282	1831282	C	C	A	Intron	SNP	45	78	0.36585365853658536	True	False	False	Unknown		Unknown																					
BS_VW4XN9Y7	GRCh38	RPA1	ENST00000254719			chr17	1831434	1831435	-	-	T	Intron	INS	14	113	0.11023622047244094	True	False	False	Unknown		Unknown																					
BS_VW4XN9Y7	GRCh38	RPA1	ENST00000254719			chr17	1834233	1834234	-	-	T	Intron	INS	40	56	0.4166666666666667	True	False	False	Unknown		Unknown																					
BS_VW4XN9Y7	GRCh38	RPA1	ENST00000254719			chr17	1836261	1836261	G	G	A	Intron	SNP	36	62	0.3673469387755102	True	False	False	Unknown		Unknown																					
BS_VW4XN9Y7	GRCh38	RPA1	ENST00000254719			chr17	1839981	1839981	C	C	T	Intron	SNP	38	44	0.4634146341463415	True	False	False	Unknown		Unknown																					
BS_VW4XN9Y7	GRCh38	RPA1	ENST00000254719			chr17	1847623	1847623	G	G	A	Intron	SNP	50	74	0.4032258064516129	True	False	False	Unknown		Unknown																					
BS_VW4XN9Y7	GRCh38	RPA1	ENST00000254719			chr17	1849284	1849284	C	C	A	Intron	SNP	26	32	0.4482758620689655	True	False	False	Unknown		Unknown																					
BS_VW4XN9Y7	GRCh38	RPA1	ENST00000254719			chr17	1852321	1852321	C	C	T	Intron	SNP	42	67	0.3853211009174312	True	False	False	Unknown		Unknown																					
BS_VW4XN9Y7	GRCh38	RPA1	ENST00000254719			chr17	1863655	1863655	G	G	A	Intron	SNP	19	104	0.15447154471544716	True	False	False	Unknown		Unknown																					
BS_VW4XN9Y7	GRCh38	RPA1	ENST00000254719			chr17	1868113	1868113	G	G	T	Intron	SNP	12	94	0.11320754716981132	True	False	False	Unknown		Unknown																					
BS_VW4XN9Y7	GRCh38	RPA1	ENST00000254719			chr17	1868668	1868668	G	G	A	Intron	SNP	54	61	0.46956521739130436	True	False	False	Unknown		Unknown																					
BS_VW4XN9Y7	GRCh38	RPA1	ENST00000254719			chr17	1871194	1871194	C	C	A	Intron	SNP	18	116	0.13432835820895522	True	False	False	Unknown		Unknown																					
BS_VW4XN9Y7	GRCh38	RPA1	ENST00000254719			chr17	1871835	1871835	T	T	C	Intron	SNP	24	60	0.2857142857142857	True	False	False	Unknown		Unknown																					
BS_VW4XN9Y7	GRCh38	RPA1	ENST00000254719	p.P144=	p.Pro144=	chr17	1872504	1872504	G	G	A	Silent	SNP	24	60	0.2857142857142857	True	False	False	Unknown		Unknown																					
BS_VW4XN9Y7	GRCh38	RPA1	ENST00000254719			chr17	1876319	1876319	C	C	T	Intron	SNP	10	117	0.07874015748031496	True	False	False	Unknown		Unknown																					
BS_VW4XN9Y7	GRCh38	RPA1	ENST00000254719			chr17	1884414	1884414	C	C	T	Intron	SNP	15	77	0.16304347826086957	True	False	False	Unknown		Unknown																					
BS_VW4XN9Y7	GRCh38	RPA1	ENST00000254719			chr17	1886135	1886135	C	C	T	Intron	SNP	49	55	0.47115384615384615	True	False	False	Unknown		Unknown																					
BS_VW4XN9Y7	GRCh38	RPA1	ENST00000254719			chr17	1887259	1887259	C	C	T	Intron	SNP	21	64	0.24705882352941178	True	False	False	Unknown		Unknown																					
BS_VW4XN9Y7	GRCh38	RPA1	ENST00000254719			chr17	1891187	1891187	T	T	G	Intron	SNP	4	55	0.06779661016949153	True	False	False	Unknown		Unknown																					
BS_VW4XN9Y7	GRCh38	RPA1	ENST00000254719			chr17	1891955	1891955	T	T	C	Intron	SNP	13	71	0.15476190476190477	True	False	False	Unknown		Unknown																					
BS_VW4XN9Y7	GRCh38	RPA1	ENST00000254719			chr17	1895607	1895607	G	G	A	Intron	SNP	37	85	0.30327868852459017	True	False	False	Unknown		Unknown																					
BS_VW4XN9Y7	GRCh38	RPA1	ENST00000254719			chr17	1895828	1895828	G	G	A	Intron	SNP	31	63	0.32978723404255317	True	False	False	Unknown		Unknown																					
BS_VW4XN9Y7	GRCh38	RPA1	ENST00000254719			chr17	1900088	1900088	T	T	C	3'Flank	SNP	29	59	0.32954545454545453	True	False	False	Unknown		Unknown																					
BS_VW4XN9Y7	GRCh38	RPA1	ENST00000254719			chr17	1901811	1901811	C	C	T	3'Flank	SNP	50	61	0.45045045045045046	True	False	False	Unknown		Unknown																					
BS_VW4XN9Y7	GRCh38	RPA1	ENST00000254719			chr17	1903679	1903679	G	G	A	3'Flank	SNP	29	67	0.3020833333333333	True	False	False	Unknown		Unknown																					
BS_VW4XN9Y7	GRCh38	TP53	ENST00000269305			chr17	7666054	7666055	-	-	T	3'Flank	INS	37	63	0.37	True	True	False	Unknown		Unknown																					
BS_VW4XN9Y7	GRCh38	TP53	ENST00000269305			chr17	7666069	7666070	-	-	T	3'Flank	INS	36	54	0.4	True	True	False	Unknown		Unknown																					
BS_VW4XN9Y7	GRCh38	TP53	ENST00000269305	p.R273C	p.Arg273Cys	chr17	7673803	7673803	G	G	A	Missense_Mutation	SNP	27	58	0.3176470588235294	True	True	True	Likely Loss-of-function	23863845;11900253;23612969;15037740	Likely Oncogenic																	AMLMRC,AML,TMN,CLLSLL,MDS,ET,MPN,PMF		MCL	LEVEL_Px1	25412851;25860933;22186996;18596741;25412846;25952993;23243274;24004666;20697090;19188171;24652989;21714648;25092778;24220272;24478400;29296692;22887079;25516983;22052707;8639789;7579380;28819011;24684350;26022239
BS_VW4XN9Y7	GRCh38	TP53	ENST00000269305	p.S185=	p.Ser185=	chr17	7675057	7675057	G	G	A	Silent	SNP	44	63	0.411214953271028	True	True	False	Unknown		Unknown																					
BS_VW4XN9Y7	GRCh38	TP53	ENST00000269305			chr17	7677348	7677348	G	G	T	Intron	SNP	7	124	0.05343511450381679	True	True	False	Unknown		Unknown																					
BS_VW4XN9Y7	GRCh38	TP53	ENST00000269305			chr17	7678732	7678732	G	G	A	Intron	SNP	15	67	0.18292682926829268	True	True	False	Unknown		Unknown																					
BS_VW4XN9Y7	GRCh38	TP53	ENST00000269305			chr17	7682355	7682355	G	G	A	Intron	SNP	45	53	0.45918367346938777	True	True	False	Unknown		Unknown																					
BS_VW4XN9Y7	GRCh38	NF1	ENST00000358273			chr17	31091590	31091591	-	-	T	5'Flank	INS	34	86	0.2833333333333333	True	True	False	Unknown		Unknown																					
BS_VW4XN9Y7	GRCh38	NF1	ENST00000358273			chr17	31092342	31092342	G	G	T	5'Flank	SNP	6	103	0.05504587155963303	True	True	False	Unknown		Unknown																					
BS_VW4XN9Y7	GRCh38	NF1	ENST00000358273			chr17	31096956	31096956	G	G	A	Intron	SNP	33	102	0.24444444444444444	True	True	False	Unknown		Unknown																					
BS_VW4XN9Y7	GRCh38	NF1	ENST00000358273			chr17	31105549	31105549	T	T	C	Intron	SNP	17	116	0.12781954887218044	True	True	False	Unknown		Unknown																					
BS_VW4XN9Y7	GRCh38	NF1	ENST00000358273			chr17	31109346	31109346	G	G	T	Intron	SNP	28	90	0.23728813559322035	True	True	False	Unknown		Unknown																					
BS_VW4XN9Y7	GRCh38	NF1	ENST00000358273			chr17	31109819	31109819	T	T	C	Intron	SNP	42	88	0.3230769230769231	True	True	False	Unknown		Unknown																					
BS_VW4XN9Y7	GRCh38	NF1	ENST00000358273			chr17	31123673	31123673	G	G	A	Intron	SNP	31	87	0.2627118644067797	True	True	False	Unknown		Unknown																					
BS_VW4XN9Y7	GRCh38	NF1	ENST00000358273			chr17	31126024	31126024	A	A	G	Intron	SNP	9	127	0.0661764705882353	True	True	False	Unknown		Unknown																					
BS_VW4XN9Y7	GRCh38	NF1	ENST00000358273			chr17	31126067	31126067	A	A	C	Intron	SNP	10	113	0.08130081300813008	True	True	False	Unknown		Unknown																					
BS_VW4XN9Y7	GRCh38	NF1	ENST00000358273			chr17	31127561	31127561	G	G	T	Intron	SNP	10	90	0.1	True	True	False	Unknown		Unknown																					
BS_VW4XN9Y7	GRCh38	NF1	ENST00000358273			chr17	31135364	31135364	G	G	T	Intron	SNP	37	80	0.3162393162393162	True	True	False	Unknown		Unknown																					
BS_VW4XN9Y7	GRCh38	NF1	ENST00000358273			chr17	31138272	31138273	-	-	T	Intron	INS	27	69	0.28125	True	True	False	Unknown		Unknown																					
BS_VW4XN9Y7	GRCh38	NF1	ENST00000358273			chr17	31153568	31153568	G	G	T	Intron	SNP	37	71	0.3425925925925926	True	True	False	Unknown		Unknown																					
BS_VW4XN9Y7	GRCh38	NF1	ENST00000358273			chr17	31157048	31157048	G	G	A	Intron	SNP	32	91	0.2601626016260163	True	True	False	Unknown		Unknown																					
BS_VW4XN9Y7	GRCh38	NF1	ENST00000358273			chr17	31162192	31162192	A	A	G	Intron	SNP	35	87	0.28688524590163933	True	True	False	Unknown		Unknown																					
BS_VW4XN9Y7	GRCh38	NF1	ENST00000358273			chr17	31168024	31168024	G	G	A	Intron	SNP	15	100	0.13043478260869565	True	True	False	Unknown		Unknown																					
BS_VW4XN9Y7	GRCh38	NF1	ENST00000358273			chr17	31192431	31192431	G	G	A	Intron	SNP	14	107	0.11570247933884298	True	True	False	Unknown		Unknown																					
BS_VW4XN9Y7	GRCh38	NF1	ENST00000358273			chr17	31204842	31204842	A	A	G	Intron	SNP	21	91	0.1875	True	True	False	Unknown		Unknown																					
BS_VW4XN9Y7	GRCh38	NF1	ENST00000358273			chr17	31205945	31205945	G	G	T	Intron	SNP	32	87	0.2689075630252101	True	True	False	Unknown		Unknown																					
BS_VW4XN9Y7	GRCh38	NF1	ENST00000358273			chr17	31214049	31214049	T	T	C	Intron	SNP	18	93	0.16216216216216217	True	True	False	Unknown		Unknown																					
BS_VW4XN9Y7	GRCh38	NF1	ENST00000358273			chr17	31221207	31221207	A	A	G	Intron	SNP	8	93	0.07920792079207921	True	True	False	Unknown		Unknown																					
BS_VW4XN9Y7	GRCh38	NF1	ENST00000358273			chr17	31224094	31224094	A	A	C	Intron	SNP	12	87	0.12121212121212122	True	True	False	Unknown		Unknown																					
BS_VW4XN9Y7	GRCh38	NF1	ENST00000358273			chr17	31228843	31228843	T	T	C	Intron	SNP	50	79	0.3875968992248062	True	True	False	Unknown		Unknown																					
BS_VW4XN9Y7	GRCh38	NF1	ENST00000358273			chr17	31239005	31239005	A	A	G	Intron	SNP	12	115	0.09448818897637795	True	True	False	Unknown		Unknown																					
BS_VW4XN9Y7	GRCh38	NF1	ENST00000358273			chr17	31240439	31240439	C	C	T	Intron	SNP	53	70	0.43089430894308944	True	True	False	Unknown		Unknown																					
BS_VW4XN9Y7	GRCh38	NF1	ENST00000358273			chr17	31254931	31254931	A	A	G	Intron	SNP	60	72	0.45454545454545453	True	True	False	Unknown		Unknown																					
BS_VW4XN9Y7	GRCh38	NF1	ENST00000358273			chr17	31263856	31263857	-	-	A	Intron	INS	31	79	0.2818181818181818	True	True	False	Unknown		Unknown																					
BS_VW4XN9Y7	GRCh38	NF1	ENST00000358273	p.Y1607Lfs*15	p.Tyr1607LeufsTer15	chr17	31265317	31265318	-	-	T	Frame_Shift_Ins	INS	45	62	0.4205607476635514	True	True	False	Likely Loss-of-function	31548343;8052307;19573811;26345759;8563751;23913538;7542586;7655472;24576830;10862084;23047742;10543400;12509763;14722914;31591187	Likely Oncogenic	Selumetinib				Trametinib,Cobimetinib			LEVEL_1	LEVEL_1		28029918;32187457;31151904;24576830;26936308;24535670;Romo et al. Abstract# e13562, ASCO 2019(https://ascopubs.org/doi/abs/10.1200/JCO.2019.37.15_suppl.e13562)		CMML,JMML		LEVEL_Dx2	18925961;23832011;14644997;25691160;26457647;9639526					
BS_VW4XN9Y7	GRCh38	NF1	ENST00000358273			chr17	31272652	31272652	G	G	A	Intron	SNP	53	66	0.44537815126050423	True	True	False	Unknown		Unknown																					
BS_VW4XN9Y7	GRCh38	NF1	ENST00000358273			chr17	31273296	31273296	G	G	A	Intron	SNP	17	108	0.136	True	True	False	Unknown		Unknown																					
BS_VW4XN9Y7	GRCh38	NF1	ENST00000358273			chr17	31276409	31276409	G	G	A	Intron	SNP	23	88	0.2072072072072072	True	True	False	Unknown		Unknown																					
BS_VW4XN9Y7	GRCh38	NF1	ENST00000358273			chr17	31290921	31290921	G	G	A	Intron	SNP	46	75	0.38016528925619836	True	True	False	Unknown		Unknown																					
BS_VW4XN9Y7	GRCh38	NF1	ENST00000358273			chr17	31293335	31293335	T	T	C	Intron	SNP	23	86	0.21100917431192662	True	True	False	Unknown		Unknown																					
BS_VW4XN9Y7	GRCh38	NF1	ENST00000358273			chr17	31315177	31315177	A	A	C	Intron	SNP	45	86	0.3435114503816794	True	True	False	Unknown		Unknown																					
BS_VW4XN9Y7	GRCh38	NF1	ENST00000358273			chr17	31327331	31327331	A	A	C	Intron	SNP	28	118	0.1917808219178082	True	True	False	Unknown		Unknown																					
BS_VW4XN9Y7	GRCh38	NF1	ENST00000358273			chr17	31328480	31328480	A	A	G	Intron	SNP	30	81	0.2702702702702703	True	True	False	Unknown		Unknown																					
BS_VW4XN9Y7	GRCh38	NF1	ENST00000358273			chr17	31330722	31330722	C	C	A	Intron	SNP	38	90	0.296875	True	True	False	Unknown		Unknown																					
BS_VW4XN9Y7	GRCh38	NF1	ENST00000358273			chr17	31342817	31342817	C	C	A	Intron	SNP	12	77	0.1348314606741573	True	True	False	Unknown		Unknown																					
BS_VW4XN9Y7	GRCh38	NF1	ENST00000358273	p.E2357*	p.Glu2357Ter	chr17	31343015	31343015	G	G	T	Nonsense_Mutation	SNP	35	73	0.32407407407407407	True	True	False	Likely Loss-of-function	31548343;8052307;19573811;26345759;8563751;23913538;7542586;7655472;24576830;10862084;23047742;10543400;12509763;14722914;31591187	Likely Oncogenic	Selumetinib				Trametinib,Cobimetinib			LEVEL_1	LEVEL_1		28029918;32187457;31151904;24576830;26936308;24535670;Romo et al. Abstract# e13562, ASCO 2019(https://ascopubs.org/doi/abs/10.1200/JCO.2019.37.15_suppl.e13562)		CMML,JMML		LEVEL_Dx2	18925961;23832011;14644997;25691160;26457647;9639526					
BS_VW4XN9Y7	GRCh38	NF1	ENST00000358273			chr17	31343756	31343756	G	G	T	Intron	SNP	16	92	0.14814814814814814	True	True	False	Unknown		Unknown																					
BS_VW4XN9Y7	GRCh38	NF1	ENST00000358273			chr17	31347562	31347562	G	G	T	Intron	SNP	21	102	0.17073170731707318	True	True	False	Unknown		Unknown																					
BS_VW4XN9Y7	GRCh38	NF1	ENST00000358273			chr17	31350456	31350456	T	T	C	Intron	SNP	53	67	0.44166666666666665	True	True	False	Unknown		Unknown																					
BS_VW4XN9Y7	GRCh38	NF1	ENST00000358273	p.T2491I	p.Thr2491Ile	chr17	31352271	31352271	C	C	T	Missense_Mutation	SNP	28	69	0.28865979381443296	True	True	False	Unknown		Unknown																					
BS_VW4XN9Y7	GRCh38	NF1	ENST00000358273			chr17	31352466	31352466	A	A	G	Intron	SNP	55	68	0.44715447154471544	True	True	False	Unknown		Unknown																					
BS_VW4XN9Y7	GRCh38	NF1	ENST00000358273			chr17	31352624	31352624	T	T	G	Intron	SNP	32	49	0.3950617283950617	True	True	False	Unknown		Unknown																					
BS_VW4XN9Y7	GRCh38	NF1	ENST00000358273			chr17	31354276	31354276	A	A	G	Intron	SNP	25	82	0.2336448598130841	True	True	False	Unknown		Unknown																					
BS_VW4XN9Y7	GRCh38	NF1	ENST00000358273			chr17	31354285	31354285	G	G	T	Intron	SNP	22	84	0.20754716981132076	True	True	False	Unknown		Unknown																					
BS_VW4XN9Y7	GRCh38	NF1	ENST00000358273			chr17	31354710	31354710	G	G	T	Intron	SNP	18	108	0.14285714285714285	True	True	False	Unknown		Unknown																					
BS_VW4XN9Y7	GRCh38	NF1	ENST00000358273			chr17	31357245	31357245	G	G	A	Intron	SNP	9	105	0.07894736842105263	True	True	False	Unknown		Unknown																					
BS_VW4XN9Y7	GRCh38	NF1	ENST00000358273			chr17	31361985	31361985	A	A	C	Intron	SNP	7	96	0.06796116504854369	True	True	False	Unknown		Unknown																					
BS_VW4XN9Y7	GRCh38	NF1	ENST00000358273			chr17	31365065	31365065	C	C	T	Intron	SNP	40	70	0.36363636363636365	True	True	False	Unknown		Unknown																					
BS_VW4XN9Y7	GRCh38	NF1	ENST00000358273			chr17	31367481	31367481	G	G	A	Intron	SNP	4	70	0.05405405405405406	True	True	False	Unknown		Unknown																					
BS_VW4XN9Y7	GRCh38	NF1	ENST00000358273			chr17	31372032	31372032	C	C	A	Intron	SNP	68	75	0.4755244755244755	True	True	False	Unknown		Unknown																					
BS_VW4XN9Y7	GRCh38	NF1	ENST00000358273			chr17	31372896	31372896	G	G	T	Intron	SNP	12	80	0.13043478260869565	True	True	False	Unknown		Unknown																					
BS_VW4XN9Y7	GRCh38	NF1	ENST00000358273			chr17	31375254	31375254	T	T	-	3'UTR	DEL	11	84	0.11578947368421053	True	True	False	Unknown		Unknown																					
BS_VW4XN9Y7	GRCh38	LIG1	ENST00000263274			chr19	48111380	48111380	T	T	G	3'Flank	SNP	26	47	0.3561643835616438	True	False	False	Unknown		Unknown																					
BS_VW4XN9Y7	GRCh38	LIG1	ENST00000263274			chr19	48112275	48112275	T	T	G	3'Flank	SNP	49	41	0.5444444444444444	True	False	False	Unknown		Unknown																					
BS_VW4XN9Y7	GRCh38	LIG1	ENST00000263274	p.R877Q	p.Arg877Gln	chr19	48115919	48115919	C	C	T	Missense_Mutation	SNP	35	51	0.4069767441860465	True	False	False	Unknown		Unknown																					
BS_VW4XN9Y7	GRCh38	LIG1	ENST00000263274			chr19	48118209	48118209	T	T	C	Intron	SNP	13	76	0.14606741573033707	True	False	False	Unknown		Unknown																					
BS_VW4XN9Y7	GRCh38	LIG1	ENST00000263274			chr19	48119131	48119131	G	G	A	Splice_Region	SNP	21	82	0.20388349514563106	True	False	False	Unknown		Unknown																					
BS_VW4XN9Y7	GRCh38	LIG1	ENST00000263274	p.S811R	p.Ser811Arg	chr19	48119145	48119145	T	T	G	Missense_Mutation	SNP	3	70	0.0410958904109589	True	False	False	Unknown		Unknown																					
BS_VW4XN9Y7	GRCh38	LIG1	ENST00000263274			chr19	48123726	48123726	T	T	A	Intron	SNP	3	56	0.05084745762711865	True	False	False	Unknown		Unknown																					
BS_VW4XN9Y7	GRCh38	LIG1	ENST00000263274			chr19	48129732	48129732	C	C	A	Intron	SNP	46	57	0.44660194174757284	True	False	False	Unknown		Unknown																					
BS_VW4XN9Y7	GRCh38	LIG1	ENST00000263274			chr19	48133698	48133698	C	C	T	Intron	SNP	38	40	0.48717948717948717	True	False	False	Unknown		Unknown																					
BS_VW4XN9Y7	GRCh38	LIG1	ENST00000263274			chr19	48141384	48141384	G	G	T	Intron	SNP	29	62	0.31868131868131866	True	False	False	Unknown		Unknown																					
BS_VW4XN9Y7	GRCh38	LIG1	ENST00000263274			chr19	48149751	48149751	A	A	G	Intron	SNP	3	67	0.04285714285714286	True	False	False	Unknown		Unknown																					
BS_VW4XN9Y7	GRCh38	LIG1	ENST00000263274			chr19	48155868	48155868	C	C	T	Intron	SNP	32	66	0.32653061224489793	True	False	False	Unknown		Unknown																					
BS_VW4XN9Y7	GRCh38	LIG1	ENST00000263274			chr19	48160940	48160940	T	T	G	Intron	SNP	23	45	0.3382352941176471	True	False	False	Unknown		Unknown																					
BS_VW4XN9Y7	GRCh38	LIG1	ENST00000263274			chr19	48162361	48162361	C	C	A	Intron	SNP	32	58	0.35555555555555557	True	False	False	Unknown		Unknown																					
BS_VW4XN9Y7	GRCh38	LIG1	ENST00000263274			chr19	48163505	48163505	G	G	T	Intron	SNP	33	45	0.4230769230769231	True	False	False	Unknown		Unknown																					
BS_VW4XN9Y7	GRCh38	LIG1	ENST00000263274			chr19	48163800	48163800	C	C	A	Intron	SNP	17	59	0.2236842105263158	True	False	False	Unknown		Unknown																					
BS_VW4XN9Y7	GRCh38	LIG1	ENST00000263274			chr19	48164073	48164073	C	C	T	Intron	SNP	6	101	0.056074766355140186	True	False	False	Unknown		Unknown																					
BS_VW4XN9Y7	GRCh38	POLD1	ENST00000613923			chr19	50386376	50386376	A	A	G	Intron	SNP	5	58	0.07936507936507936	True	True	False	Unknown		Unknown																					
BS_VW4XN9Y7	GRCh38	POLD1	ENST00000613923			chr19	50390902	50390902	T	T	C	Intron	SNP	14	76	0.15555555555555556	True	True	False	Unknown		Unknown																					
BS_VW4XN9Y7	GRCh38	POLD1	ENST00000613923			chr19	50401284	50401284	A	A	C	Intron	SNP	10	51	0.16393442622950818	True	True	False	Unknown		Unknown																					
BS_VW4XN9Y7	GRCh38	POLD1	ENST00000613923			chr19	50403810	50403810	C	C	T	Intron	SNP	15	71	0.1744186046511628	True	True	False	Unknown		Unknown																					
BS_VW4XN9Y7	GRCh38	POLD1	ENST00000613923			chr19	50411483	50411483	C	C	T	Intron	SNP	11	67	0.14102564102564102	True	True	False	Unknown		Unknown																					
BS_VW4XN9Y7	GRCh38	POLD1	ENST00000613923			chr19	50412015	50412015	C	C	A	Intron	SNP	15	92	0.14018691588785046	True	True	False	Unknown		Unknown																					
BS_VW4XN9Y7	GRCh38	POLD1	ENST00000613923			chr19	50414352	50414352	C	C	T	Intron	SNP	3	67	0.04285714285714286	True	True	False	Unknown		Unknown																					
BS_VW4XN9Y7	GRCh38	POLD1	ENST00000613923			chr19	50417125	50417125	C	C	T	Intron	SNP	30	79	0.27522935779816515	True	True	False	Unknown		Unknown																					
BS_VW4XN9Y7	GRCh38	PCNA	ENST00000379160	p.K110=	p.Lys110=	chr20	5118667	5118667	T	T	C	Silent	SNP	15	88	0.14563106796116504	True	False	False	Unknown		Unknown																					
BS_VW4XN9Y7	GRCh38	ATRX	ENST00000373344			chrX	77518207	77518207	G	G	T	Intron	SNP	9	64	0.1232876712328767	True	True	False	Unknown		Unknown																					
BS_VW4XN9Y7	GRCh38	ATRX	ENST00000373344			chrX	77523448	77523448	A	A	G	Intron	SNP	16	25	0.3902439024390244	True	True	False	Unknown		Unknown																					
BS_VW4XN9Y7	GRCh38	ATRX	ENST00000373344			chrX	77526983	77526983	T	T	C	Intron	SNP	12	35	0.2553191489361702	True	True	False	Unknown		Unknown																					
BS_VW4XN9Y7	GRCh38	ATRX	ENST00000373344			chrX	77528478	77528478	C	C	T	Intron	SNP	39	11	0.78	True	True	False	Unknown		Unknown																					
BS_VW4XN9Y7	GRCh38	ATRX	ENST00000373344			chrX	77533115	77533115	G	G	A	Intron	SNP	6	54	0.1	True	True	False	Unknown		Unknown																					
BS_VW4XN9Y7	GRCh38	ATRX	ENST00000373344			chrX	77534236	77534237	-	-	A	Intron	INS	41	8	0.8367346938775511	True	True	False	Unknown		Unknown																					
BS_VW4XN9Y7	GRCh38	ATRX	ENST00000373344			chrX	77535187	77535187	A	A	C	Intron	SNP	6	57	0.09523809523809523	True	True	False	Unknown		Unknown																					
BS_VW4XN9Y7	GRCh38	ATRX	ENST00000373344			chrX	77559271	77559271	G	G	T	Intron	SNP	32	13	0.7111111111111111	True	True	False	Unknown		Unknown																					
BS_VW4XN9Y7	GRCh38	ATRX	ENST00000373344			chrX	77564760	77564760	C	C	T	Intron	SNP	3	27	0.1	True	True	False	Unknown		Unknown																					
BS_VW4XN9Y7	GRCh38	ATRX	ENST00000373344			chrX	77565922	77565922	G	G	T	Intron	SNP	40	8	0.8333333333333334	True	True	False	Unknown		Unknown																					
BS_VW4XN9Y7	GRCh38	ATRX	ENST00000373344			chrX	77566541	77566541	T	T	G	Intron	SNP	32	14	0.6956521739130435	True	True	False	Unknown		Unknown																					
BS_VW4XN9Y7	GRCh38	ATRX	ENST00000373344			chrX	77574491	77574491	T	T	C	Intron	SNP	36	15	0.7058823529411765	True	True	False	Unknown		Unknown																					
BS_VW4XN9Y7	GRCh38	ATRX	ENST00000373344			chrX	77604403	77604403	A	A	G	Intron	SNP	8	68	0.10526315789473684	True	True	False	Unknown		Unknown																					
BS_VW4XN9Y7	GRCh38	ATRX	ENST00000373344			chrX	77605491	77605491	A	A	-	Intron	DEL	11	53	0.171875	True	True	False	Unknown		Unknown																					
BS_VW4XN9Y7	GRCh38	ATRX	ENST00000373344			chrX	77621298	77621299	-	-	T	Intron	INS	33	13	0.717391304347826	True	True	False	Unknown		Unknown																					
BS_VW4XN9Y7	GRCh38	ATRX	ENST00000373344			chrX	77630072	77630072	T	T	G	Intron	SNP	22	21	0.5116279069767442	True	True	False	Unknown		Unknown																					
BS_VW4XN9Y7	GRCh38	ATRX	ENST00000373344			chrX	77640090	77640090	A	A	C	Intron	SNP	7	59	0.10606060606060606	True	True	False	Unknown		Unknown																					
BS_VW4XN9Y7	GRCh38	ATRX	ENST00000373344			chrX	77652549	77652549	C	C	T	Intron	SNP	19	10	0.6551724137931034	True	True	False	Unknown		Unknown																					
BS_VW4XN9Y7	GRCh38	ATRX	ENST00000373344	p.N1318Kfs*6	p.Asn1318LysfsTer6	chrX	77663548	77663549	-	-	T	Frame_Shift_Ins	INS	25	17	0.5952380952380952	True	True	False	Likely Loss-of-function	21719641;8968741;24148618;15591283;14592816;18409179;17609377	Likely Oncogenic																					
BS_VW4XN9Y7	GRCh38	ATRX	ENST00000373344			chrX	77663746	77663746	C	C	T	Intron	SNP	40	14	0.7407407407407407	True	True	False	Unknown		Unknown																					
BS_VW4XN9Y7	GRCh38	ATRX	ENST00000373344			chrX	77673285	77673285	A	A	G	Intron	SNP	37	13	0.74	True	True	False	Unknown		Unknown																					
BS_VW4XN9Y7	GRCh38	ATRX	ENST00000373344			chrX	77680579	77680579	A	A	G	Intron	SNP	12	34	0.2608695652173913	True	True	False	Unknown		Unknown																					
BS_VW4XN9Y7	GRCh38	ATRX	ENST00000373344			chrX	77697558	77697558	T	T	G	Intron	SNP	36	12	0.75	True	True	False	Unknown		Unknown																					
BS_VW4XN9Y7	GRCh38	ATRX	ENST00000373344			chrX	77702619	77702620	-	-	A	Intron	INS	21	18	0.5384615384615384	True	True	False	Unknown		Unknown																					
BS_VW4XN9Y7	GRCh38	ATRX	ENST00000373344			chrX	77728799	77728799	G	G	A	Intron	SNP	9	35	0.20454545454545456	True	True	False	Unknown		Unknown																					
BS_VW4XN9Y7	GRCh38	ATRX	ENST00000373344			chrX	77734067	77734067	C	C	T	Intron	SNP	3	21	0.125	True	True	False	Unknown		Unknown																					
BS_VW4XN9Y7	GRCh38	ATRX	ENST00000373344			chrX	77741963	77741963	T	T	G	Intron	SNP	45	15	0.75	True	True	False	Unknown		Unknown																					
BS_VW4XN9Y7	GRCh38	ATRX	ENST00000373344			chrX	77752219	77752219	G	G	T	Intron	SNP	46	16	0.7419354838709677	True	True	False	Unknown		Unknown																					
BS_VW4XN9Y7	GRCh38	ATRX	ENST00000373344			chrX	77753537	77753537	C	C	A	Intron	SNP	49	12	0.8032786885245902	True	True	False	Unknown		Unknown																					
BS_VW4XN9Y7	GRCh38	ATRX	ENST00000373344			chrX	77754077	77754077	A	A	G	Intron	SNP	5	38	0.11627906976744186	True	True	False	Unknown		Unknown																					
BS_VW4XN9Y7	GRCh38	ATRX	ENST00000373344			chrX	77764051	77764051	C	C	T	Intron	SNP	31	5	0.8611111111111112	True	True	False	Unknown		Unknown																					
BS_VW4XN9Y7	GRCh38	ATRX	ENST00000373344			chrX	77770708	77770708	A	A	G	Intron	SNP	18	34	0.34615384615384615	True	True	False	Unknown		Unknown																					
BS_VW4XN9Y7	GRCh38	ATRX	ENST00000373344			chrX	77776612	77776612	A	A	G	Intron	SNP	42	14	0.75	True	True	False	Unknown		Unknown																					
BS_VW4XN9Y7	GRCh38	ATRX	ENST00000373344			chrX	77778652	77778652	C	C	T	Intron	SNP	8	26	0.23529411764705882	True	True	False	Unknown		Unknown																					
BS_VW4XN9Y7	GRCh38	ATRX	ENST00000373344			chrX	77779685	77779685	A	A	G	Intron	SNP	42	16	0.7241379310344828	True	True	False	Unknown		Unknown																					
BS_VW4XN9Y7	GRCh38	ATRX	ENST00000373344			chrX	77781298	77781298	C	C	T	Intron	SNP	36	11	0.7659574468085106	True	True	False	Unknown		Unknown																					
BS_VW4XN9Y7	GRCh38	RPA4	ENST00000373040			chrX	96885251	96885251	G	G	A	3'UTR	SNP	4	34	0.10526315789473684	True	False	False	Unknown		Unknown																					
BS_FKQ7F6D1	GRCh38	H3F3A	ENST00000366813	p.K28M	p.Lys28Met	chr1	226064434	226064434	A	A	T	Missense_Mutation	SNP	44	48	0.4782608695652174	True	True	True	Likely Gain-of-function	22286061;26619011;21685365	Likely Oncogenic																					
BS_FKQ7F6D1	GRCh38	MSH2	ENST00000233146			chr2	47479179	47479179	A	A	C	Intron	SNP	22	96	0.1864406779661017	True	True	False	Unknown		Unknown																					
BS_FKQ7F6D1	GRCh38	MSH3	ENST00000265081			chr5	80815373	80815374	-	-	A	Intron	INS	42	54	0.4375	True	True	False	Unknown		Unknown																					
BS_FKQ7F6D1	GRCh38	TP53	ENST00000269305	p.G266R	p.Gly266Arg	chr17	7673824	7673824	C	C	T	Missense_Mutation	SNP	54	10	0.84375	True	True	True	Loss-of-function	16827139	Likely Oncogenic																	AMLMRC,AML,TMN,CLLSLL,MDS,ET,MPN,PMF		MCL	LEVEL_Px1	25412851;25860933;22186996;18596741;25412846;25952993;23243274;24004666;20697090;19188171;24652989;21714648;25092778;24220272;24478400;29296692;22887079;25516983;22052707;8639789;7579380;28819011;24684350;26022239
BS_FKQ7F6D1	GRCh38	ATRX	ENST00000373344	p.L691Qfs*4	p.Leu691GlnfsTer4	chrX	77683181	77683184	GATA	GATA	-	Frame_Shift_Del	DEL	27	7	0.7941176470588235	True	True	False	Likely Loss-of-function	21719641;8968741;24148618;15591283;14592816;18409179;17609377	Likely Oncogenic																					
BS_R6CKWZW6	GRCh38	H3F3A	ENST00000366813	p.K28M	p.Lys28Met	chr1	226064434	226064434	A	A	T	Missense_Mutation	SNP	42	42	0.5	True	True	True	Likely Gain-of-function	22286061;26619011;21685365	Likely Oncogenic																					
BS_R6CKWZW6	GRCh38	TP53	ENST00000269305	p.R196P	p.Arg196Pro	chr17	7674944	7674944	C	C	G	Missense_Mutation	SNP	85	5	0.9444444444444444	True	True	True	Likely Loss-of-function	22710932	Likely Oncogenic																	AMLMRC,AML,TMN,CLLSLL,MDS,ET,MPN,PMF		MCL	LEVEL_Px1	25412851;25860933;22186996;18596741;25412846;25952993;23243274;24004666;20697090;19188171;24652989;21714648;25092778;24220272;24478400;29296692;22887079;25516983;22052707;8639789;7579380;28819011;24684350;26022239
BS_R6CKWZW6	GRCh38	NF1	ENST00000358273			chr17	31375013	31375014	TA	TA	-	3'UTR	DEL	10	88	0.10204081632653061	True	True	False	Unknown		Unknown																					
BS_R6CKWZW6	GRCh38	ATRX	ENST00000373344	p.K1357Dfs*4	p.Lys1357AspfsTer4	chrX	77663432	77663433	TT	TT	-	Frame_Shift_Del	DEL	37	13	0.74	True	True	False	Likely Loss-of-function	21719641;8968741;24148618;15591283;14592816;18409179;17609377	Likely Oncogenic																					
BS_3Z40EZHD	GRCh38	H3F3A	ENST00000366813	p.K28M	p.Lys28Met	chr1	226064434	226064434	A	A	T	Missense_Mutation	SNP	32	57	0.3595505617977528	True	True	True	Likely Gain-of-function	22286061;26619011;21685365	Likely Oncogenic																					
BS_3Z40EZHD	GRCh38	MSH3	ENST00000265081			chr5	80664993	80664993	T	T	G	Intron	SNP	8	91	0.08080808080808081	True	True	False	Unknown		Unknown																					
BS_3Z40EZHD	GRCh38	TP53	ENST00000269305	p.G245S	p.Gly245Ser	chr17	7674230	7674230	C	C	T	Missense_Mutation	SNP	20	60	0.25	True	True	True	Loss-of-function	2358418;15037740	Oncogenic																	AMLMRC,AML,TMN,CLLSLL,MDS,ET,MPN,PMF		MCL	LEVEL_Px1	25412851;25860933;22186996;18596741;25412846;25952993;23243274;24004666;20697090;19188171;24652989;21714648;25092778;24220272;24478400;29296692;22887079;25516983;22052707;8639789;7579380;28819011;24684350;26022239
BS_3Z40EZHD	GRCh38	TP53	ENST00000269305	p.R213*	p.Arg213Ter	chr17	7674894	7674894	G	G	A	Nonsense_Mutation	SNP	19	59	0.24358974358974358	True	True	False	Likely Loss-of-function	19336573;27759562;16007150;11753428;11900253;21467160	Likely Oncogenic																	AMLMRC,AML,TMN,CLLSLL,MDS,ET,MPN,PMF		MCL	LEVEL_Px1	25412851;25860933;22186996;18596741;25412846;25952993;23243274;24004666;20697090;19188171;24652989;21714648;25092778;24220272;24478400;29296692;22887079;25516983;22052707;8639789;7579380;28819011;24684350;26022239
BS_BQ81D2BP	GRCh38	H3F3A	ENST00000366813	p.K28M	p.Lys28Met	chr1	226064434	226064434	A	A	T	Missense_Mutation	SNP	32	41	0.4383561643835616	True	True	True	Likely Gain-of-function	22286061;26619011;21685365	Likely Oncogenic																					
BS_BQ81D2BP	GRCh38	RPA3	ENST00000223129			chr7	7701308	7701308	G	G	T	Intron	SNP	7	114	0.05785123966942149	True	False	False	Unknown		Unknown																					
BS_BQ81D2BP	GRCh38	TP53	ENST00000269305	p.C242Y	p.Cys242Tyr	chr17	7674238	7674238	C	C	T	Missense_Mutation	SNP	7	92	0.0707070707070707	True	True	True	Loss-of-function	20407015	Likely Oncogenic																	AMLMRC,AML,TMN,CLLSLL,MDS,ET,MPN,PMF		MCL	LEVEL_Px1	25412851;25860933;22186996;18596741;25412846;25952993;23243274;24004666;20697090;19188171;24652989;21714648;25092778;24220272;24478400;29296692;22887079;25516983;22052707;8639789;7579380;28819011;24684350;26022239
BS_BQ81D2BP	GRCh38	TP53	ENST00000269305	p.K120E	p.Lys120Glu	chr17	7676011	7676011	T	T	C	Missense_Mutation	SNP	28	57	0.32941176470588235	True	True	True	Loss-of-function	18524770;24814347;17189187	Oncogenic																	AMLMRC,AML,TMN,CLLSLL,MDS,ET,MPN,PMF		MCL	LEVEL_Px1	25412851;25860933;22186996;18596741;25412846;25952993;23243274;24004666;20697090;19188171;24652989;21714648;25092778;24220272;24478400;29296692;22887079;25516983;22052707;8639789;7579380;28819011;24684350;26022239
BS_Q6GVRAWK	GRCh38	MSH2	ENST00000233146			chr2	47402751	47402752	-	-	T	5'Flank	INS	12	98	0.10909090909090909	True	True	False	Unknown		Unknown																					
BS_Q6GVRAWK	GRCh38	TERT	ENST00000310581			chr5	1260716	1260716	G	G	T	Intron	SNP	32	58	0.35555555555555557	True	True	False	Unknown		Unknown																					
BS_Q6GVRAWK	GRCh38	HIST1H3B	ENST00000621411	p.K28M	p.Lys28Met	chr6	26031978	26031978	T	T	A	Missense_Mutation	SNP	39	55	0.4148936170212766	True	True	True	Unknown		Likely Oncogenic																					
BS_Q6GVRAWK	GRCh38	TP53	ENST00000269305	p.R248Q	p.Arg248Gln	chr17	7674220	7674220	C	C	T	Missense_Mutation	SNP	28	43	0.39436619718309857	True	True	True	Likely Loss-of-function	24814347;16778209;21445056	Likely Oncogenic																	AMLMRC,AML,TMN,CLLSLL,MDS,ET,MPN,PMF		MCL	LEVEL_Px1	25412851;25860933;22186996;18596741;25412846;25952993;23243274;24004666;20697090;19188171;24652989;21714648;25092778;24220272;24478400;29296692;22887079;25516983;22052707;8639789;7579380;28819011;24684350;26022239
BS_HJ95JNFN	GRCh38	RFC4	ENST00000392481			chr3	186809380	186809380	G	G	T	5'Flank	SNP	10	96	0.09433962264150944	True	False	False	Unknown		Unknown																					
BS_HJ95JNFN	GRCh38	RPA3	ENST00000223129			chr7	7678696	7678699	ATAT	ATAT	-	Intron	DEL	13	125	0.09420289855072464	True	False	False	Unknown		Unknown																					
BS_WPCBK1EG	GRCh38	H3F3A	ENST00000366813	p.K28M	p.Lys28Met	chr1	226064434	226064434	A	A	T	Missense_Mutation	SNP	60	48	0.5555555555555556	True	True	True	Likely Gain-of-function	22286061;26619011;21685365	Likely Oncogenic																					
BS_WPCBK1EG	GRCh38	MSH3	ENST00000265081			chr5	80749709	80749710	-	-	T	Intron	INS	9	50	0.15254237288135594	True	True	False	Unknown		Unknown																					
BS_WPCBK1EG	GRCh38	TP53	ENST00000269305	p.R213*	p.Arg213Ter	chr17	7674894	7674894	G	G	A	Nonsense_Mutation	SNP	99	16	0.8608695652173913	True	True	False	Likely Loss-of-function	19336573;27759562;16007150;11753428;11900253;21467160	Likely Oncogenic																	AMLMRC,AML,TMN,CLLSLL,MDS,ET,MPN,PMF		MCL	LEVEL_Px1	25412851;25860933;22186996;18596741;25412846;25952993;23243274;24004666;20697090;19188171;24652989;21714648;25092778;24220272;24478400;29296692;22887079;25516983;22052707;8639789;7579380;28819011;24684350;26022239
BS_WPCBK1EG	GRCh38	ATRX	ENST00000373344			chrX	77626898	77626898	G	G	T	Intron	SNP	12	71	0.14457831325301204	True	True	False	Unknown		Unknown																					
BS_TQ0J7WJQ	GRCh38	H3F3A	ENST00000366813	p.K28M	p.Lys28Met	chr1	226064434	226064434	A	A	T	Missense_Mutation	SNP	43	53	0.4479166666666667	True	True	True	Likely Gain-of-function	22286061;26619011;21685365	Likely Oncogenic																					
BS_TQ0J7WJQ	GRCh38	TERT	ENST00000310581			chr5	1289706	1289706	C	C	G	Intron	SNP	14	135	0.09395973154362416	True	True	False	Unknown		Unknown																					
BS_TQ0J7WJQ	GRCh38	TP53	ENST00000269305	p.R248W	p.Arg248Trp	chr17	7674221	7674221	G	G	A	Missense_Mutation	SNP	57	26	0.6867469879518072	True	True	True	Loss-of-function	25584008;18762571;10229196	Likely Oncogenic																	AMLMRC,AML,TMN,CLLSLL,MDS,ET,MPN,PMF		MCL	LEVEL_Px1	25412851;25860933;22186996;18596741;25412846;25952993;23243274;24004666;20697090;19188171;24652989;21714648;25092778;24220272;24478400;29296692;22887079;25516983;22052707;8639789;7579380;28819011;24684350;26022239
BS_TQ0J7WJQ	GRCh38	ATRX	ENST00000373344	p.A1812P	p.Ala1812Pro	chrX	77618820	77618820	C	C	G	Missense_Mutation	SNP	37	60	0.38144329896907214	True	True	False	Unknown		Unknown																					
BS_TQ0J7WJQ	GRCh38	ATRX	ENST00000373344			chrX	77704705	77704705	C	C	A	Intron	SNP	40	58	0.40816326530612246	True	True	False	Unknown		Unknown																					
BS_GKPVZXYP	GRCh38	H3F3A	ENST00000366813	p.K28M	p.Lys28Met	chr1	226064434	226064434	A	A	T	Missense_Mutation	SNP	41	33	0.5540540540540541	True	True	True	Likely Gain-of-function	22286061;26619011;21685365	Likely Oncogenic																					
BS_GKPVZXYP	GRCh38	MSH6	ENST00000234420			chr2	47795640	47795641	-	-	T	Intron	INS	11	65	0.14473684210526316	True	True	False	Unknown		Unknown																					
BS_GKPVZXYP	GRCh38	TP53	ENST00000269305	p.G245D	p.Gly245Asp	chr17	7674229	7674229	C	C	T	Missense_Mutation	SNP	109	15	0.8790322580645161	True	True	True	Likely Loss-of-function	25119136;22803791;22214764	Likely Oncogenic																	AMLMRC,AML,TMN,CLLSLL,MDS,ET,MPN,PMF		MCL	LEVEL_Px1	25412851;25860933;22186996;18596741;25412846;25952993;23243274;24004666;20697090;19188171;24652989;21714648;25092778;24220272;24478400;29296692;22887079;25516983;22052707;8639789;7579380;28819011;24684350;26022239
BS_GKPVZXYP	GRCh38	NF1	ENST00000358273			chr17	31224187	31224187	G	G	T	Intron	SNP	3	13	0.1875	True	True	False	Unknown		Unknown																					
BS_GKPVZXYP	GRCh38	NF1	ENST00000358273	p.X2624_splice		chr17	31357268	31357268	G	G	A	Splice_Site	SNP	3	16	0.15789473684210525	True	True	False	Likely Loss-of-function	31548343;8052307;19573811;26345759;8563751;23913538;7542586;7655472;24576830;10862084;23047742;10543400;12509763;14722914;31591187	Likely Oncogenic	Selumetinib				Trametinib,Cobimetinib			LEVEL_1	LEVEL_1		28029918;32187457;31151904;24576830;26936308;24535670;Romo et al. Abstract# e13562, ASCO 2019(https://ascopubs.org/doi/abs/10.1200/JCO.2019.37.15_suppl.e13562)		CMML,JMML		LEVEL_Dx2	18925961;23832011;14644997;25691160;26457647;9639526					
BS_QWS88QXE	GRCh38	RFC1	ENST00000381897			chr4	39333567	39333568	-	-	A	Intron	INS	10	60	0.14285714285714285	True	False	False	Unknown		Unknown																					
BS_NNFDFAFM	GRCh38	H3F3A	ENST00000366813	p.K28M	p.Lys28Met	chr1	226064434	226064434	A	A	T	Missense_Mutation	SNP	34	45	0.43037974683544306	True	True	True	Likely Gain-of-function	22286061;26619011;21685365	Likely Oncogenic																					
BS_NNFDFAFM	GRCh38	TP53	ENST00000269305	p.A159P	p.Ala159Pro	chr17	7675137	7675137	C	C	G	Missense_Mutation	SNP	36	13	0.7346938775510204	True	True	False	Likely Loss-of-function	8023157;11900253	Likely Oncogenic																	AMLMRC,AML,TMN,CLLSLL,MDS,ET,MPN,PMF		MCL	LEVEL_Px1	25412851;25860933;22186996;18596741;25412846;25952993;23243274;24004666;20697090;19188171;24652989;21714648;25092778;24220272;24478400;29296692;22887079;25516983;22052707;8639789;7579380;28819011;24684350;26022239
BS_85Q5P8GF	GRCh38	RPA2	ENST00000373909			chr1	27899514	27899515	AA	AA	-	Intron	DEL	13	18	0.41935483870967744	True	False	False	Unknown		Unknown																					
BS_85Q5P8GF	GRCh38	H3F3A	ENST00000366813			chr1	226063930	226063931	-	-	T	5'Flank	INS	38	57	0.4	True	True	False	Unknown		Unknown																					
BS_85Q5P8GF	GRCh38	H3F3A	ENST00000366813	p.K28M	p.Lys28Met	chr1	226064434	226064434	A	A	T	Missense_Mutation	SNP	34	53	0.39080459770114945	True	True	True	Likely Gain-of-function	22286061;26619011;21685365	Likely Oncogenic																					
BS_85Q5P8GF	GRCh38	EXO1	ENST00000366548			chr1	241855746	241855746	C	C	T	Intron	SNP	34	57	0.37362637362637363	True	False	False	Unknown		Unknown																					
BS_85Q5P8GF	GRCh38	MSH2	ENST00000233146			chr2	47423445	47423445	T	T	-	Intron	DEL	40	16	0.7142857142857143	True	True	False	Unknown		Unknown																					
BS_85Q5P8GF	GRCh38	MSH2	ENST00000233146			chr2	47472567	47472567	T	T	C	Intron	SNP	24	91	0.20869565217391303	True	True	False	Unknown		Unknown																					
BS_85Q5P8GF	GRCh38	MSH2	ENST00000644092			chr2	47631966	47631966	T	T	G	Intron	SNP	4	57	0.06557377049180328	True	True	False	Unknown		Unknown																					
BS_85Q5P8GF	GRCh38	MSH2	ENST00000644092			chr2	47640448	47640449	AA	AA	-	Intron	DEL	12	5	0.7058823529411765	True	True	False	Unknown		Unknown																					
BS_85Q5P8GF	GRCh38	MSH6	ENST00000234420	p.F1088Lfs*5	p.Phe1088LeufsTer5	chr2	47803500	47803501	-	-	C	Frame_Shift_Ins	INS	29	49	0.3717948717948718	True	True	True	Likely Loss-of-function	21674763;15837969	Likely Oncogenic																					
BS_85Q5P8GF	GRCh38	MLH1	ENST00000231790			chr3	37033476	37033476	A	A	-	Intron	DEL	41	56	0.422680412371134	True	True	False	Unknown		Unknown																					
BS_85Q5P8GF	GRCh38	RFC1	ENST00000381897			chr4	39322405	39322405	A	A	-	Intron	DEL	36	58	0.3829787234042553	True	False	False	Unknown		Unknown																					
BS_85Q5P8GF	GRCh38	TERT	ENST00000310581			chr5	1274134	1274134	G	G	A	Intron	SNP	20	49	0.2898550724637681	True	True	False	Unknown		Unknown																					
BS_85Q5P8GF	GRCh38	MSH3	ENST00000265081			chr5	80657652	80657652	A	A	-	Intron	DEL	28	42	0.4	True	True	False	Unknown		Unknown																					
BS_85Q5P8GF	GRCh38	MSH3	ENST00000265081			chr5	80831692	80831692	A	A	-	Intron	DEL	37	51	0.42045454545454547	True	True	False	Unknown		Unknown																					
BS_85Q5P8GF	GRCh38	MSH3	ENST00000265081			chr5	80832617	80832618	AA	AA	-	Intron	DEL	30	58	0.3409090909090909	True	True	False	Unknown		Unknown																					
BS_85Q5P8GF	GRCh38	RPA3	ENST00000223129			chr7	7671679	7671679	T	T	-	Intron	DEL	36	51	0.41379310344827586	True	False	False	Unknown		Unknown																					
BS_85Q5P8GF	GRCh38	RPA3	ENST00000223129			chr7	7711235	7711235	A	A	G	Intron	SNP	55	67	0.45081967213114754	True	False	False	Unknown		Unknown																					
BS_85Q5P8GF	GRCh38	RFC2	ENST00000055077			chr7	74253223	74253223	T	T	-	Intron	DEL	25	51	0.32894736842105265	True	False	False	Unknown		Unknown																					
BS_85Q5P8GF	GRCh38	SSBP1	ENST00000481508			chr7	141739371	141739371	A	A	-	Intron	DEL	41	50	0.45054945054945056	True	False	False	Unknown		Unknown																					
BS_85Q5P8GF	GRCh38	POLE	ENST00000320574			chr12	132654165	132654165	T	T	-	Intron	DEL	45	49	0.4787234042553192	True	True	False	Unknown		Unknown																					
BS_85Q5P8GF	GRCh38	POLE	ENST00000320574			chr12	132667027	132667027	T	T	C	Intron	SNP	24	32	0.42857142857142855	True	True	False	Unknown		Unknown																					
BS_85Q5P8GF	GRCh38	NF1	ENST00000358273			chr17	31118293	31118293	T	T	-	Intron	DEL	70	8	0.8974358974358975	True	True	False	Unknown		Unknown																					
BS_85Q5P8GF	GRCh38	NF1	ENST00000358273	p.F1247Ifs*18	p.Phe1247IlefsTer18	chr17	31235639	31235642	TGTT	TGTT	-	Frame_Shift_Del	DEL	26	56	0.3170731707317073	True	True	False	Likely Loss-of-function	31548343;8052307;19573811;26345759;8563751;23913538;7542586;7655472;24576830;10862084;23047742;10543400;12509763;14722914;31591187	Likely Oncogenic	Selumetinib				Trametinib,Cobimetinib			LEVEL_1	LEVEL_1		28029918;32187457;31151904;24576830;26936308;24535670;Romo et al. Abstract# e13562, ASCO 2019(https://ascopubs.org/doi/abs/10.1200/JCO.2019.37.15_suppl.e13562)		CMML,JMML		LEVEL_Dx2	18925961;23832011;14644997;25691160;26457647;9639526					
BS_85Q5P8GF	GRCh38	NF1	ENST00000358273	p.R1534*	p.Arg1534Ter	chr17	31261733	31261733	C	C	T	Nonsense_Mutation	SNP	37	43	0.4625	True	True	False	Likely Loss-of-function	31548343;8052307;19573811;26345759;8563751;23913538;7542586;7655472;24576830;10862084;23047742;10543400;12509763;14722914;31591187	Likely Oncogenic	Selumetinib				Trametinib,Cobimetinib			LEVEL_1	LEVEL_1		28029918;32187457;31151904;24576830;26936308;24535670;Romo et al. Abstract# e13562, ASCO 2019(https://ascopubs.org/doi/abs/10.1200/JCO.2019.37.15_suppl.e13562)		CMML,JMML		LEVEL_Dx2	18925961;23832011;14644997;25691160;26457647;9639526					
BS_85Q5P8GF	GRCh38	NF1	ENST00000358273			chr17	31372436	31372436	G	G	A	Intron	SNP	72	52	0.5806451612903226	True	True	False	Unknown		Unknown																					
BS_85Q5P8GF	GRCh38	LIG1	ENST00000263274			chr19	48123854	48123855	-	-	TA	Intron	INS	32	60	0.34782608695652173	True	False	False	Unknown		Unknown																					
BS_85Q5P8GF	GRCh38	POLD1	ENST00000613923			chr19	50412464	50412464	A	A	-	Intron	DEL	27	33	0.45	True	True	False	Unknown		Unknown																					
BS_85Q5P8GF	GRCh38	POLD1	ENST00000613923			chr19	50412765	50412766	TG	TG	-	Intron	DEL	36	43	0.45569620253164556	True	True	False	Unknown		Unknown																					
BS_85Q5P8GF	GRCh38	ATRX	ENST00000373344	p.R2197C	p.Arg2197Cys	chrX	77557561	77557561	G	G	A	Missense_Mutation	SNP	29	12	0.7073170731707317	True	True	False	Unknown		Unknown																					
BS_85Q5P8GF	GRCh38	ATRX	ENST00000373344			chrX	77592813	77592813	A	A	-	Intron	DEL	24	10	0.7058823529411765	True	True	False	Unknown		Unknown																					
BS_85Q5P8GF	GRCh38	ATRX	ENST00000373344			chrX	77627700	77627701	AA	AA	-	Intron	DEL	12	5	0.7058823529411765	True	True	False	Unknown		Unknown																					
BS_85Q5P8GF	GRCh38	ATRX	ENST00000373344			chrX	77643262	77643263	-	-	AC	Intron	INS	30	10	0.75	True	True	False	Unknown		Unknown																					
BS_85Q5P8GF	GRCh38	ATRX	ENST00000373344			chrX	77731086	77731086	A	A	-	Intron	DEL	20	15	0.5714285714285714	True	True	False	Unknown		Unknown																					
BS_85Q5P8GF	GRCh38	ATRX	ENST00000373344			chrX	77740077	77740077	A	A	T	Intron	SNP	16	29	0.35555555555555557	True	True	False	Unknown		Unknown																					
BS_20TBZG09	GRCh38	RPA2	ENST00000373909			chr1	27888779	27888779	C	C	A	3'Flank	SNP	7	48	0.12727272727272726	True	False	False	Unknown		Unknown																					
BS_20TBZG09	GRCh38	RPA2	ENST00000373909			chr1	27890859	27890859	C	C	T	3'Flank	SNP	25	57	0.3048780487804878	True	False	False	Unknown		Unknown																					
BS_20TBZG09	GRCh38	RPA2	ENST00000373909			chr1	27891804	27891804	G	G	A	3'Flank	SNP	10	70	0.125	True	False	False	Unknown		Unknown																					
BS_20TBZG09	GRCh38	RPA2	ENST00000373909			chr1	27893426	27893426	C	C	A	Intron	SNP	7	64	0.09859154929577464	True	False	False	Unknown		Unknown																					
BS_20TBZG09	GRCh38	RPA2	ENST00000373909			chr1	27894457	27894457	A	A	G	Intron	SNP	23	42	0.35384615384615387	True	False	False	Unknown		Unknown																					
BS_20TBZG09	GRCh38	RPA2	ENST00000373909			chr1	27896014	27896014	G	G	T	Intron	SNP	28	32	0.4666666666666667	True	False	False	Unknown		Unknown																					
BS_20TBZG09	GRCh38	RPA2	ENST00000373909			chr1	27896354	27896354	G	G	T	Intron	SNP	10	61	0.14084507042253522	True	False	False	Unknown		Unknown																					
BS_20TBZG09	GRCh38	RPA2	ENST00000373909			chr1	27897170	27897170	A	A	C	Intron	SNP	31	32	0.49206349206349204	True	False	False	Unknown		Unknown																					
BS_20TBZG09	GRCh38	RPA2	ENST00000373909			chr1	27901357	27901358	-	-	T	Intron	INS	26	39	0.4	True	False	False	Unknown		Unknown																					
BS_20TBZG09	GRCh38	RPA2	ENST00000373909			chr1	27901422	27901422	G	G	A	Intron	SNP	32	30	0.5161290322580645	True	False	False	Unknown		Unknown																					
BS_20TBZG09	GRCh38	RPA2	ENST00000373909			chr1	27906019	27906019	C	C	A	Intron	SNP	31	45	0.40789473684210525	True	False	False	Unknown		Unknown																					
BS_20TBZG09	GRCh38	RPA2	ENST00000373909			chr1	27907909	27907909	C	C	T	Intron	SNP	9	71	0.1125	True	False	False	Unknown		Unknown																					
BS_20TBZG09	GRCh38	RPA2	ENST00000373909			chr1	27908129	27908129	G	G	A	Intron	SNP	33	39	0.4583333333333333	True	False	False	Unknown		Unknown																					
BS_20TBZG09	GRCh38	RPA2	ENST00000373909			chr1	27909251	27909251	G	G	A	Intron	SNP	37	40	0.4805194805194805	True	False	False	Unknown		Unknown																					
BS_20TBZG09	GRCh38	RPA2	ENST00000373909			chr1	27909554	27909555	-	-	A	Intron	INS	30	60	0.3333333333333333	True	False	False	Unknown		Unknown																					
BS_20TBZG09	GRCh38	RPA2	ENST00000373909			chr1	27913200	27913200	G	G	A	Intron	SNP	32	38	0.45714285714285713	True	False	False	Unknown		Unknown																					
BS_20TBZG09	GRCh38	RPA2	ENST00000373909			chr1	27914948	27914948	C	C	A	5'Flank	SNP	30	41	0.4225352112676056	True	False	False	Unknown		Unknown																					
BS_20TBZG09	GRCh38	RPA2	ENST00000373909			chr1	27917844	27917844	G	G	A	5'Flank	SNP	28	49	0.36363636363636365	True	False	False	Unknown		Unknown																					
BS_20TBZG09	GRCh38	RPA2	ENST00000373909			chr1	27919701	27919702	-	-	C	5'Flank	INS	28	28	0.5	True	False	False	Unknown		Unknown																					
BS_20TBZG09	GRCh38	H3F3A	ENST00000366813			chr1	226069909	226069909	G	G	A	Intron	SNP	5	53	0.08620689655172414	True	True	False	Unknown		Unknown																					
BS_20TBZG09	GRCh38	H3F3A	ENST00000366813			chr1	226070560	226070560	T	T	C	Intron	SNP	33	42	0.44	True	True	False	Unknown		Unknown																					
BS_20TBZG09	GRCh38	H3F3A	ENST00000366813			chr1	226071178	226071178	C	C	A	Intron	SNP	24	49	0.3287671232876712	True	True	False	Unknown		Unknown																					
BS_20TBZG09	GRCh38	H3F3A	ENST00000366813			chr1	226073274	226073274	T	T	C	3'Flank	SNP	29	40	0.42028985507246375	True	True	False	Unknown		Unknown																					
BS_20TBZG09	GRCh38	H3F3A	ENST00000366813			chr1	226075946	226075946	G	G	T	3'Flank	SNP	23	26	0.46938775510204084	True	True	False	Unknown		Unknown																					
BS_20TBZG09	GRCh38	EXO1	ENST00000366548			chr1	241847495	241847495	C	C	T	5'Flank	SNP	17	34	0.3333333333333333	True	False	False	Unknown		Unknown																					
BS_20TBZG09	GRCh38	EXO1	ENST00000366548			chr1	241848217	241848217	C	C	A	5'UTR	SNP	5	83	0.056818181818181816	True	False	False	Unknown		Unknown																					
BS_20TBZG09	GRCh38	EXO1	ENST00000366548			chr1	241850009	241850009	C	C	T	Intron	SNP	38	53	0.4175824175824176	True	False	False	Unknown		Unknown																					
BS_20TBZG09	GRCh38	EXO1	ENST00000366548			chr1	241851073	241851073	G	G	A	Intron	SNP	14	54	0.20588235294117646	True	False	False	Unknown		Unknown																					
BS_20TBZG09	GRCh38	EXO1	ENST00000366548			chr1	241853945	241853945	G	G	T	Intron	SNP	21	60	0.25925925925925924	True	False	False	Unknown		Unknown																					
BS_20TBZG09	GRCh38	EXO1	ENST00000366548			chr1	241854911	241854911	C	C	T	Intron	SNP	34	44	0.4358974358974359	True	False	False	Unknown		Unknown																					
BS_20TBZG09	GRCh38	EXO1	ENST00000366548			chr1	241856119	241856119	C	C	T	Intron	SNP	38	59	0.3917525773195876	True	False	False	Unknown		Unknown																					
BS_20TBZG09	GRCh38	EXO1	ENST00000366548			chr1	241856477	241856477	A	A	G	Intron	SNP	6	64	0.08571428571428572	True	False	False	Unknown		Unknown																					
BS_20TBZG09	GRCh38	EXO1	ENST00000366548			chr1	241858175	241858175	C	C	T	Intron	SNP	3	60	0.047619047619047616	True	False	False	Unknown		Unknown																					
BS_20TBZG09	GRCh38	EXO1	ENST00000366548			chr1	241859284	241859284	C	C	T	Intron	SNP	43	38	0.5308641975308642	True	False	False	Unknown		Unknown																					
BS_20TBZG09	GRCh38	EXO1	ENST00000366548			chr1	241861387	241861387	C	C	A	Intron	SNP	33	45	0.4230769230769231	True	False	False	Unknown		Unknown																					
BS_20TBZG09	GRCh38	EXO1	ENST00000366548			chr1	241862397	241862397	C	C	T	Intron	SNP	37	31	0.5441176470588235	True	False	False	Unknown		Unknown																					
BS_20TBZG09	GRCh38	EXO1	ENST00000366548			chr1	241862431	241862431	C	C	A	Intron	SNP	32	38	0.45714285714285713	True	False	False	Unknown		Unknown																					
BS_20TBZG09	GRCh38	EXO1	ENST00000366548			chr1	241862965	241862965	A	A	G	Intron	SNP	22	47	0.3188405797101449	True	False	False	Unknown		Unknown																					
BS_20TBZG09	GRCh38	EXO1	ENST00000366548			chr1	241867323	241867323	C	C	T	Intron	SNP	9	64	0.1232876712328767	True	False	False	Unknown		Unknown																					
BS_20TBZG09	GRCh38	EXO1	ENST00000366548			chr1	241867757	241867757	C	C	T	Intron	SNP	5	58	0.07936507936507936	True	False	False	Unknown		Unknown																					
BS_20TBZG09	GRCh38	EXO1	ENST00000366548	p.S435F	p.Ser435Phe	chr1	241872068	241872068	C	C	T	Missense_Mutation	SNP	6	53	0.1016949152542373	True	False	False	Unknown		Unknown																					
BS_20TBZG09	GRCh38	EXO1	ENST00000366548			chr1	241874025	241874025	G	G	A	Intron	SNP	17	45	0.27419354838709675	True	False	False	Unknown		Unknown																					
BS_20TBZG09	GRCh38	EXO1	ENST00000366548			chr1	241878220	241878220	C	C	T	Intron	SNP	22	45	0.3283582089552239	True	False	False	Unknown		Unknown																					
BS_20TBZG09	GRCh38	EXO1	ENST00000366548			chr1	241881189	241881189	G	G	A	Intron	SNP	36	27	0.5714285714285714	True	False	False	Unknown		Unknown																					
BS_20TBZG09	GRCh38	EXO1	ENST00000366548			chr1	241881663	241881663	C	C	A	Intron	SNP	25	27	0.4807692307692308	True	False	False	Unknown		Unknown																					
BS_20TBZG09	GRCh38	EXO1	ENST00000366548			chr1	241883499	241883499	C	C	T	Intron	SNP	30	42	0.4166666666666667	True	False	False	Unknown		Unknown																					
BS_20TBZG09	GRCh38	EXO1	ENST00000366548			chr1	241883594	241883594	G	G	A	Intron	SNP	4	52	0.07142857142857142	True	False	False	Unknown		Unknown																					
BS_20TBZG09	GRCh38	EXO1	ENST00000366548			chr1	241883704	241883704	T	T	C	Intron	SNP	42	29	0.5915492957746479	True	False	False	Unknown		Unknown																					
BS_20TBZG09	GRCh38	EXO1	ENST00000366548			chr1	241888252	241888252	A	A	-	Intron	DEL	9	89	0.09183673469387756	True	False	False	Unknown		Unknown																					
BS_20TBZG09	GRCh38	EXO1	ENST00000366548			chr1	241890404	241890404	A	A	G	3'Flank	SNP	22	28	0.44	True	False	False	Unknown		Unknown																					
BS_20TBZG09	GRCh38	EXO1	ENST00000366548			chr1	241891652	241891652	C	C	T	3'Flank	SNP	22	38	0.36666666666666664	True	False	False	Unknown		Unknown																					
BS_20TBZG09	GRCh38	EXO1	ENST00000366548			chr1	241894325	241894325	C	C	T	3'Flank	SNP	39	39	0.5	True	False	False	Unknown		Unknown																					
BS_20TBZG09	GRCh38	MSH2	ENST00000233146			chr2	47399928	47399928	A	A	G	5'Flank	SNP	4	46	0.08	True	True	False	Unknown		Unknown																					
BS_20TBZG09	GRCh38	MSH2	ENST00000233146	p.R35H	p.Arg35His	chr2	47403295	47403295	G	G	A	Missense_Mutation	SNP	7	89	0.07291666666666667	True	True	False	Unknown		Unknown																					
BS_20TBZG09	GRCh38	MSH2	ENST00000233146			chr2	47404455	47404455	G	G	A	Intron	SNP	5	62	0.07462686567164178	True	True	False	Unknown		Unknown																					
BS_20TBZG09	GRCh38	MSH2	ENST00000233146			chr2	47407566	47407566	G	G	T	Intron	SNP	35	38	0.4794520547945205	True	True	False	Unknown		Unknown																					
BS_20TBZG09	GRCh38	MSH2	ENST00000233146			chr2	47408286	47408286	G	G	T	Intron	SNP	26	37	0.4126984126984127	True	True	False	Unknown		Unknown																					
BS_20TBZG09	GRCh38	MSH2	ENST00000233146			chr2	47411928	47411928	G	G	A	Intron	SNP	21	33	0.3888888888888889	True	True	False	Unknown		Unknown																					
BS_20TBZG09	GRCh38	MSH2	ENST00000233146			chr2	47413713	47413713	G	G	A	Intron	SNP	4	47	0.0784313725490196	True	True	False	Unknown		Unknown																					
BS_20TBZG09	GRCh38	MSH2	ENST00000233146			chr2	47413814	47413814	A	A	G	Intron	SNP	17	27	0.38636363636363635	True	True	False	Unknown		Unknown																					
BS_20TBZG09	GRCh38	MSH2	ENST00000233146			chr2	47415585	47415585	G	G	A	Intron	SNP	31	38	0.4492753623188406	True	True	False	Unknown		Unknown																					
BS_20TBZG09	GRCh38	MSH2	ENST00000233146			chr2	47417193	47417193	G	G	T	Intron	SNP	24	26	0.48	True	True	False	Unknown		Unknown																					
BS_20TBZG09	GRCh38	MSH2	ENST00000233146			chr2	47420909	47420909	G	G	T	Intron	SNP	25	47	0.3472222222222222	True	True	False	Unknown		Unknown																					
BS_20TBZG09	GRCh38	MSH2	ENST00000233146			chr2	47420920	47420920	G	G	A	Intron	SNP	36	34	0.5142857142857142	True	True	False	Unknown		Unknown																					
BS_20TBZG09	GRCh38	MSH2	ENST00000233146			chr2	47431088	47431088	G	G	T	Intron	SNP	6	69	0.08	True	True	False	Unknown		Unknown																					
BS_20TBZG09	GRCh38	MSH2	ENST00000233146			chr2	47432919	47432919	G	G	A	Intron	SNP	26	50	0.34210526315789475	True	True	False	Unknown		Unknown																					
BS_20TBZG09	GRCh38	MSH2	ENST00000233146			chr2	47434717	47434717	C	C	T	Intron	SNP	28	35	0.4444444444444444	True	True	False	Unknown		Unknown																					
BS_20TBZG09	GRCh38	MSH2	ENST00000233146			chr2	47448065	47448065	G	G	A	Intron	SNP	29	45	0.3918918918918919	True	True	False	Unknown		Unknown																					
BS_20TBZG09	GRCh38	MSH2	ENST00000233146			chr2	47452255	47452255	G	G	A	Intron	SNP	17	38	0.3090909090909091	True	True	False	Unknown		Unknown																					
BS_20TBZG09	GRCh38	MSH2	ENST00000233146			chr2	47452659	47452659	G	G	A	Intron	SNP	43	41	0.5119047619047619	True	True	False	Unknown		Unknown																					
BS_20TBZG09	GRCh38	MSH2	ENST00000233146			chr2	47462350	47462350	T	T	C	Intron	SNP	3	45	0.0625	True	True	False	Unknown		Unknown																					
BS_20TBZG09	GRCh38	MSH2	ENST00000233146			chr2	47468420	47468420	G	G	T	Intron	SNP	26	26	0.5	True	True	False	Unknown		Unknown																					
BS_20TBZG09	GRCh38	MSH2	ENST00000233146			chr2	47472173	47472173	T	T	C	Intron	SNP	10	70	0.125	True	True	False	Unknown		Unknown																					
BS_20TBZG09	GRCh38	MSH2	ENST00000233146			chr2	47476269	47476269	G	G	A	Intron	SNP	9	66	0.12	True	True	False	Unknown		Unknown																					
BS_20TBZG09	GRCh38	MSH2	ENST00000233146			chr2	47478635	47478635	G	G	T	Intron	SNP	26	32	0.4482758620689655	True	True	False	Unknown		Unknown																					
BS_20TBZG09	GRCh38	MSH2	ENST00000233146			chr2	47483587	47483587	C	C	A	3'Flank	SNP	25	33	0.43103448275862066	True	True	False	Unknown		Unknown																					
BS_20TBZG09	GRCh38	MSH2	ENST00000233146			chr2	47484434	47484434	A	A	T	3'Flank	SNP	6	62	0.08823529411764706	True	True	False	Unknown		Unknown																					
BS_20TBZG09	GRCh38	MSH2	ENST00000233146			chr2	47486196	47486196	G	G	A	3'Flank	SNP	6	83	0.06741573033707865	True	True	False	Unknown		Unknown																					
BS_20TBZG09	GRCh38	MSH2	ENST00000406134			chr2	47503442	47503442	G	G	T	Intron	SNP	8	86	0.0851063829787234	True	True	False	Unknown		Unknown																					
BS_20TBZG09	GRCh38	MSH2	ENST00000406134			chr2	47506588	47506588	A	A	C	Intron	SNP	8	78	0.09302325581395349	True	True	False	Unknown		Unknown																					
BS_20TBZG09	GRCh38	MSH2	ENST00000406134			chr2	47509000	47509000	G	G	T	Intron	SNP	34	64	0.3469387755102041	True	True	False	Unknown		Unknown																					
BS_20TBZG09	GRCh38	MSH2	ENST00000644092			chr2	47577595	47577595	C	C	A	Intron	SNP	31	41	0.4305555555555556	True	True	False	Unknown		Unknown																					
BS_20TBZG09	GRCh38	MSH2	ENST00000644092			chr2	47577837	47577837	C	C	T	Intron	SNP	30	43	0.410958904109589	True	True	False	Unknown		Unknown																					
BS_20TBZG09	GRCh38	MSH2	ENST00000644092			chr2	47578550	47578550	G	G	T	Intron	SNP	34	26	0.5666666666666667	True	True	False	Unknown		Unknown																					
BS_20TBZG09	GRCh38	MSH2	ENST00000644092			chr2	47579932	47579932	G	G	T	Intron	SNP	35	50	0.4117647058823529	True	True	False	Unknown		Unknown																					
BS_20TBZG09	GRCh38	MSH2	ENST00000644092			chr2	47581284	47581284	G	G	T	Intron	SNP	30	32	0.4838709677419355	True	True	False	Unknown		Unknown																					
BS_20TBZG09	GRCh38	MSH2	ENST00000644092			chr2	47583272	47583272	G	G	A	Intron	SNP	30	36	0.45454545454545453	True	True	False	Unknown		Unknown																					
BS_20TBZG09	GRCh38	MSH2	ENST00000644092			chr2	47584126	47584126	A	A	G	Intron	SNP	23	54	0.2987012987012987	True	True	False	Unknown		Unknown																					
BS_20TBZG09	GRCh38	MSH2	ENST00000644092			chr2	47586838	47586838	G	G	T	Intron	SNP	29	36	0.4461538461538462	True	True	False	Unknown		Unknown																					
BS_20TBZG09	GRCh38	MSH2	ENST00000644092			chr2	47588214	47588214	C	C	T	Intron	SNP	40	43	0.4819277108433735	True	True	False	Unknown		Unknown																					
BS_20TBZG09	GRCh38	MSH2	ENST00000644092			chr2	47588695	47588695	C	C	A	Intron	SNP	24	39	0.38095238095238093	True	True	False	Unknown		Unknown																					
BS_20TBZG09	GRCh38	MSH2	ENST00000644092			chr2	47590172	47590172	C	C	T	Intron	SNP	15	43	0.25862068965517243	True	True	False	Unknown		Unknown																					
BS_20TBZG09	GRCh38	MSH2	ENST00000644092			chr2	47599435	47599435	A	A	G	Intron	SNP	34	37	0.4788732394366197	True	True	False	Unknown		Unknown																					
BS_20TBZG09	GRCh38	MSH2	ENST00000644092			chr2	47600661	47600661	G	G	A	Intron	SNP	34	53	0.39080459770114945	True	True	False	Unknown		Unknown																					
BS_20TBZG09	GRCh38	MSH2	ENST00000644092			chr2	47602997	47602997	T	T	-	Intron	DEL	11	63	0.14864864864864866	True	True	False	Unknown		Unknown																					
BS_20TBZG09	GRCh38	MSH2	ENST00000644092			chr2	47604089	47604089	T	T	C	Intron	SNP	25	38	0.3968253968253968	True	True	False	Unknown		Unknown																					
BS_20TBZG09	GRCh38	MSH2	ENST00000644092			chr2	47605460	47605460	A	A	G	Intron	SNP	22	54	0.2894736842105263	True	True	False	Unknown		Unknown																					
BS_20TBZG09	GRCh38	MSH2	ENST00000644092			chr2	47605550	47605550	C	C	A	Intron	SNP	8	55	0.12698412698412698	True	True	False	Unknown		Unknown																					
BS_20TBZG09	GRCh38	MSH2	ENST00000644092			chr2	47605961	47605961	G	G	A	Intron	SNP	30	39	0.43478260869565216	True	True	False	Unknown		Unknown																					
BS_20TBZG09	GRCh38	MSH2	ENST00000644092			chr2	47611011	47611011	G	G	A	Intron	SNP	46	42	0.5227272727272727	True	True	False	Unknown		Unknown																					
BS_20TBZG09	GRCh38	MSH2	ENST00000644092			chr2	47614738	47614738	G	G	A	Intron	SNP	26	34	0.43333333333333335	True	True	False	Unknown		Unknown																					
BS_20TBZG09	GRCh38	MSH2	ENST00000644092			chr2	47619546	47619546	G	G	T	Intron	SNP	7	52	0.11864406779661017	True	True	False	Unknown		Unknown																					
BS_20TBZG09	GRCh38	MSH2	ENST00000644092			chr2	47620859	47620859	C	C	T	Intron	SNP	33	43	0.4342105263157895	True	True	False	Unknown		Unknown																					
BS_20TBZG09	GRCh38	MSH2	ENST00000644092			chr2	47623937	47623937	C	C	T	Intron	SNP	34	49	0.40963855421686746	True	True	False	Unknown		Unknown																					
BS_20TBZG09	GRCh38	MSH2	ENST00000644092			chr2	47624270	47624270	C	C	A	Intron	SNP	28	40	0.4117647058823529	True	True	False	Unknown		Unknown																					
BS_20TBZG09	GRCh38	MSH2	ENST00000644092			chr2	47625675	47625675	G	G	A	Intron	SNP	6	66	0.08333333333333333	True	True	False	Unknown		Unknown																					
BS_20TBZG09	GRCh38	MSH2	ENST00000644092			chr2	47632209	47632209	G	G	A	Intron	SNP	30	46	0.39473684210526316	True	True	False	Unknown		Unknown																					
BS_20TBZG09	GRCh38	MSH2	ENST00000644092			chr2	47632474	47632474	G	G	T	Intron	SNP	25	40	0.38461538461538464	True	True	False	Unknown		Unknown																					
BS_20TBZG09	GRCh38	MSH2	ENST00000644092			chr2	47637506	47637506	G	G	T	Intron	SNP	29	34	0.4603174603174603	True	True	False	Unknown		Unknown																					
BS_20TBZG09	GRCh38	MSH2	ENST00000644092			chr2	47637657	47637657	G	G	A	Intron	SNP	29	48	0.37662337662337664	True	True	False	Unknown		Unknown																					
BS_20TBZG09	GRCh38	MSH2	ENST00000644092			chr2	47643512	47643512	A	A	C	Intron	SNP	7	76	0.08433734939759036	True	True	False	Unknown		Unknown																					
BS_20TBZG09	GRCh38	MSH2	ENST00000644092			chr2	47648407	47648407	G	G	A	Intron	SNP	23	32	0.41818181818181815	True	True	False	Unknown		Unknown																					
BS_20TBZG09	GRCh38	MSH2	ENST00000644092			chr2	47649622	47649622	C	C	T	Intron	SNP	33	40	0.4520547945205479	True	True	False	Unknown		Unknown																					
BS_20TBZG09	GRCh38	MSH2	ENST00000644092			chr2	47652055	47652055	G	G	A	Intron	SNP	30	49	0.379746835443038	True	True	False	Unknown		Unknown																					
BS_20TBZG09	GRCh38	MSH2	ENST00000644092			chr2	47662115	47662116	-	-	A	3'UTR	INS	24	48	0.3333333333333333	True	True	False	Unknown		Unknown																					
BS_20TBZG09	GRCh38	MSH2	ENST00000644092			chr2	47663482	47663482	G	G	A	3'Flank	SNP	6	56	0.0967741935483871	True	True	False	Unknown		Unknown																					
BS_20TBZG09	GRCh38	MSH2	ENST00000644092			chr2	47666517	47666517	G	G	T	3'Flank	SNP	18	53	0.2535211267605634	True	True	False	Unknown		Unknown																					
BS_20TBZG09	GRCh38	MSH6	ENST00000606499			chr2	47697556	47697556	G	G	A	Intron	SNP	22	56	0.28205128205128205	True	True	False	Unknown		Unknown																					
BS_20TBZG09	GRCh38	MSH6	ENST00000606499			chr2	47698995	47698995	C	C	T	Intron	SNP	8	69	0.1038961038961039	True	True	False	Unknown		Unknown																					
BS_20TBZG09	GRCh38	MSH6	ENST00000606499			chr2	47699776	47699776	C	C	T	Intron	SNP	6	57	0.09523809523809523	True	True	False	Unknown		Unknown																					
BS_20TBZG09	GRCh38	MSH6	ENST00000606499			chr2	47713731	47713731	G	G	T	Intron	SNP	26	26	0.5	True	True	False	Unknown		Unknown																					
BS_20TBZG09	GRCh38	MSH6	ENST00000606499			chr2	47715797	47715797	G	G	A	Intron	SNP	46	49	0.4842105263157895	True	True	False	Unknown		Unknown																					
BS_20TBZG09	GRCh38	MSH6	ENST00000606499			chr2	47716536	47716536	C	C	A	Intron	SNP	8	53	0.13114754098360656	True	True	False	Unknown		Unknown																					
BS_20TBZG09	GRCh38	MSH6	ENST00000606499			chr2	47722846	47722846	C	C	T	Intron	SNP	26	53	0.3291139240506329	True	True	False	Unknown		Unknown																					
BS_20TBZG09	GRCh38	MSH6	ENST00000606499			chr2	47725094	47725094	T	T	C	Intron	SNP	30	52	0.36585365853658536	True	True	False	Unknown		Unknown																					
BS_20TBZG09	GRCh38	MSH6	ENST00000606499			chr2	47725212	47725212	G	G	T	Intron	SNP	4	62	0.06060606060606061	True	True	False	Unknown		Unknown																					
BS_20TBZG09	GRCh38	MSH6	ENST00000606499			chr2	47737257	47737257	G	G	A	Intron	SNP	7	55	0.11290322580645161	True	True	False	Unknown		Unknown																					
BS_20TBZG09	GRCh38	MSH6	ENST00000606499			chr2	47737557	47737557	C	C	T	Intron	SNP	33	51	0.39285714285714285	True	True	False	Unknown		Unknown																					
BS_20TBZG09	GRCh38	MSH6	ENST00000606499			chr2	47739133	47739133	G	G	T	Intron	SNP	33	34	0.4925373134328358	True	True	False	Unknown		Unknown																					
BS_20TBZG09	GRCh38	MSH6	ENST00000606499			chr2	47743777	47743777	T	T	G	Intron	SNP	8	43	0.1568627450980392	True	True	False	Unknown		Unknown																					
BS_20TBZG09	GRCh38	MSH6	ENST00000606499			chr2	47744394	47744394	G	G	A	Intron	SNP	9	28	0.24324324324324326	True	True	False	Unknown		Unknown																					
BS_20TBZG09	GRCh38	MSH6	ENST00000606499			chr2	47750899	47750899	G	G	T	Intron	SNP	9	72	0.1111111111111111	True	True	False	Unknown		Unknown																					
BS_20TBZG09	GRCh38	MSH6	ENST00000606499			chr2	47753448	47753448	A	A	G	Intron	SNP	4	44	0.08333333333333333	True	True	False	Unknown		Unknown																					
BS_20TBZG09	GRCh38	MSH6	ENST00000606499			chr2	47761293	47761293	A	A	C	Intron	SNP	8	55	0.12698412698412698	True	True	False	Unknown		Unknown																					
BS_20TBZG09	GRCh38	MSH6	ENST00000606499			chr2	47761983	47761983	A	A	C	Intron	SNP	37	24	0.6065573770491803	True	True	False	Unknown		Unknown																					
BS_20TBZG09	GRCh38	MSH6	ENST00000606499			chr2	47767423	47767423	C	C	T	Intron	SNP	8	69	0.1038961038961039	True	True	False	Unknown		Unknown																					
BS_20TBZG09	GRCh38	MSH6	ENST00000606499			chr2	47769541	47769541	G	G	A	Intron	SNP	25	35	0.4166666666666667	True	True	False	Unknown		Unknown																					
BS_20TBZG09	GRCh38	MSH6	ENST00000606499			chr2	47770636	47770636	C	C	A	Intron	SNP	7	87	0.07446808510638298	True	True	False	Unknown		Unknown																					
BS_20TBZG09	GRCh38	MSH6	ENST00000606499			chr2	47771024	47771024	G	G	A	Intron	SNP	4	50	0.07407407407407407	True	True	False	Unknown		Unknown																					
BS_20TBZG09	GRCh38	MSH6	ENST00000606499			chr2	47771315	47771315	C	C	A	Intron	SNP	5	51	0.08928571428571429	True	True	False	Unknown		Unknown																					
BS_20TBZG09	GRCh38	MSH6	ENST00000606499			chr2	47772205	47772205	A	A	G	Intron	SNP	24	40	0.375	True	True	False	Unknown		Unknown																					
BS_20TBZG09	GRCh38	MSH6	ENST00000234420			chr2	47782509	47782509	G	G	A	5'Flank	SNP	34	50	0.40476190476190477	True	True	False	Unknown		Unknown																					
BS_20TBZG09	GRCh38	MSH6	ENST00000234420			chr2	47786624	47786624	G	G	A	Intron	SNP	22	53	0.29333333333333333	True	True	False	Unknown		Unknown																					
BS_20TBZG09	GRCh38	MSH6	ENST00000234420			chr2	47789615	47789615	G	G	T	Intron	SNP	24	26	0.48	True	True	False	Unknown		Unknown																					
BS_20TBZG09	GRCh38	MSH6	ENST00000234420			chr2	47793737	47793738	-	-	T	Intron	INS	25	36	0.4098360655737705	True	True	False	Unknown		Unknown																					
BS_20TBZG09	GRCh38	MSH6	ENST00000234420			chr2	47795737	47795737	C	C	A	Intron	SNP	39	45	0.4642857142857143	True	True	False	Unknown		Unknown																					
BS_20TBZG09	GRCh38	MSH6	ENST00000234420	p.S275N	p.Ser275Asn	chr2	47798807	47798807	G	G	A	Missense_Mutation	SNP	23	42	0.35384615384615387	True	True	False	Unknown		Unknown																					
BS_20TBZG09	GRCh38	MSH6	ENST00000234420			chr2	47805413	47805413	G	G	T	Intron	SNP	6	59	0.09230769230769231	True	True	False	Unknown		Unknown																					
BS_20TBZG09	GRCh38	MSH6	ENST00000234420			chr2	47806933	47806933	A	A	C	3'UTR	SNP	6	44	0.12	True	True	False	Unknown		Unknown																					
BS_20TBZG09	GRCh38	MLH1	ENST00000231790			chr3	36994041	36994041	C	C	T	Intron	SNP	34	61	0.35789473684210527	True	True	False	Unknown		Unknown																					
BS_20TBZG09	GRCh38	MLH1	ENST00000231790			chr3	36997932	36997932	C	C	T	Intron	SNP	19	28	0.40425531914893614	True	True	False	Unknown		Unknown																					
BS_20TBZG09	GRCh38	MLH1	ENST00000231790	p.T96=	p.Thr96=	chr3	37001035	37001035	C	C	T	Silent	SNP	6	50	0.10714285714285714	True	True	False	Unknown		Unknown																					
BS_20TBZG09	GRCh38	MLH1	ENST00000231790			chr3	37001350	37001350	C	C	T	Intron	SNP	25	32	0.43859649122807015	True	True	False	Unknown		Unknown																					
BS_20TBZG09	GRCh38	MLH1	ENST00000231790			chr3	37001738	37001738	C	C	T	Intron	SNP	19	35	0.35185185185185186	True	True	False	Unknown		Unknown																					
BS_20TBZG09	GRCh38	MLH1	ENST00000231790			chr3	37005753	37005753	C	C	A	Intron	SNP	5	47	0.09615384615384616	True	True	False	Unknown		Unknown																					
BS_20TBZG09	GRCh38	MLH1	ENST00000231790			chr3	37005882	37005882	C	C	A	Intron	SNP	5	47	0.09615384615384616	True	True	False	Unknown		Unknown																					
BS_20TBZG09	GRCh38	MLH1	ENST00000231790			chr3	37006118	37006118	C	C	T	Intron	SNP	17	17	0.5	True	True	False	Unknown		Unknown																					
BS_20TBZG09	GRCh38	MLH1	ENST00000231790			chr3	37010707	37010707	T	T	-	Intron	DEL	28	15	0.6511627906976745	True	True	False	Unknown		Unknown																					
BS_20TBZG09	GRCh38	MLH1	ENST00000231790			chr3	37015002	37015002	A	A	G	Intron	SNP	30	39	0.43478260869565216	True	True	False	Unknown		Unknown																					
BS_20TBZG09	GRCh38	MLH1	ENST00000231790			chr3	37019817	37019817	C	C	A	Intron	SNP	29	25	0.5370370370370371	True	True	False	Unknown		Unknown																					
BS_20TBZG09	GRCh38	MLH1	ENST00000231790			chr3	37022835	37022835	C	C	T	Intron	SNP	37	48	0.43529411764705883	True	True	False	Unknown		Unknown																					
BS_20TBZG09	GRCh38	MLH1	ENST00000231790			chr3	37023008	37023008	C	C	T	Intron	SNP	43	37	0.5375	True	True	False	Unknown		Unknown																					
BS_20TBZG09	GRCh38	MLH1	ENST00000231790			chr3	37031729	37031729	C	C	T	Intron	SNP	37	39	0.4868421052631579	True	True	False	Unknown		Unknown																					
BS_20TBZG09	GRCh38	MLH1	ENST00000231790			chr3	37037632	37037632	C	C	T	Intron	SNP	30	46	0.39473684210526316	True	True	False	Unknown		Unknown																					
BS_20TBZG09	GRCh38	MLH1	ENST00000231790			chr3	37039576	37039576	G	G	A	Intron	SNP	4	51	0.07272727272727272	True	True	False	Unknown		Unknown																					
BS_20TBZG09	GRCh38	MLH1	ENST00000231790			chr3	37040996	37040996	C	C	T	Intron	SNP	4	54	0.06896551724137931	True	True	False	Unknown		Unknown																					
BS_20TBZG09	GRCh38	MLH1	ENST00000231790			chr3	37045268	37045268	C	C	T	Intron	SNP	3	38	0.07317073170731707	True	True	False	Unknown		Unknown																					
BS_20TBZG09	GRCh38	MLH1	ENST00000231790			chr3	37048434	37048434	C	C	A	Intron	SNP	25	43	0.36764705882352944	True	True	False	Unknown		Unknown																					
BS_20TBZG09	GRCh38	RFC4	ENST00000392481			chr3	186790628	186790628	G	G	A	Intron	SNP	6	71	0.07792207792207792	True	False	False	Unknown		Unknown																					
BS_20TBZG09	GRCh38	RFC4	ENST00000392481			chr3	186796938	186796938	G	G	T	Intron	SNP	9	87	0.09375	True	False	False	Unknown		Unknown																					
BS_20TBZG09	GRCh38	RFC4	ENST00000392481			chr3	186797932	186797932	G	G	T	Intron	SNP	6	58	0.09375	True	False	False	Unknown		Unknown																					
BS_20TBZG09	GRCh38	RFC4	ENST00000392481			chr3	186799988	186799988	C	C	T	Intron	SNP	8	82	0.08888888888888889	True	False	False	Unknown		Unknown																					
BS_20TBZG09	GRCh38	RFC4	ENST00000392481			chr3	186807076	186807076	A	A	G	5'Flank	SNP	27	49	0.35526315789473684	True	False	False	Unknown		Unknown																					
BS_20TBZG09	GRCh38	RFC4	ENST00000392481			chr3	186807117	186807117	G	G	A	5'Flank	SNP	4	47	0.0784313725490196	True	False	False	Unknown		Unknown																					
BS_20TBZG09	GRCh38	RFC4	ENST00000392481			chr3	186808203	186808203	G	G	T	5'Flank	SNP	4	58	0.06451612903225806	True	False	False	Unknown		Unknown																					
BS_20TBZG09	GRCh38	RFC4	ENST00000392481			chr3	186809595	186809595	G	G	T	5'Flank	SNP	32	21	0.6037735849056604	True	False	False	Unknown		Unknown																					
BS_20TBZG09	GRCh38	RFC1	ENST00000381897			chr4	39286874	39286874	C	C	T	3'Flank	SNP	18	50	0.2647058823529412	True	False	False	Unknown		Unknown																					
BS_20TBZG09	GRCh38	RFC1	ENST00000381897			chr4	39288539	39288539	A	A	G	3'UTR	SNP	32	54	0.37209302325581395	True	False	False	Unknown		Unknown																					
BS_20TBZG09	GRCh38	RFC1	ENST00000381897			chr4	39293531	39293531	A	A	G	Intron	SNP	23	38	0.3770491803278688	True	False	False	Unknown		Unknown																					
BS_20TBZG09	GRCh38	RFC1	ENST00000381897			chr4	39294526	39294526	C	C	T	Intron	SNP	23	52	0.30666666666666664	True	False	False	Unknown		Unknown																					
BS_20TBZG09	GRCh38	RFC1	ENST00000381897			chr4	39297962	39297962	C	C	T	Intron	SNP	3	51	0.05555555555555555	True	False	False	Unknown		Unknown																					
BS_20TBZG09	GRCh38	RFC1	ENST00000381897			chr4	39304650	39304650	A	A	G	Intron	SNP	23	41	0.359375	True	False	False	Unknown		Unknown																					
BS_20TBZG09	GRCh38	RFC1	ENST00000381897	p.A688V	p.Ala688Val	chr4	39304864	39304864	G	G	A	Missense_Mutation	SNP	19	29	0.3958333333333333	True	False	False	Unknown		Unknown																					
BS_20TBZG09	GRCh38	RFC1	ENST00000381897			chr4	39311001	39311001	C	C	T	Intron	SNP	5	44	0.10204081632653061	True	False	False	Unknown		Unknown																					
BS_20TBZG09	GRCh38	RFC1	ENST00000381897			chr4	39313766	39313766	C	C	A	Intron	SNP	3	44	0.06382978723404255	True	False	False	Unknown		Unknown																					
BS_20TBZG09	GRCh38	RFC1	ENST00000381897			chr4	39317760	39317760	C	C	T	Intron	SNP	12	73	0.1411764705882353	True	False	False	Unknown		Unknown																					
BS_20TBZG09	GRCh38	RFC1	ENST00000381897			chr4	39319057	39319057	G	G	A	Intron	SNP	24	32	0.42857142857142855	True	False	False	Unknown		Unknown																					
BS_20TBZG09	GRCh38	RFC1	ENST00000381897			chr4	39321457	39321457	T	T	G	Intron	SNP	21	35	0.375	True	False	False	Unknown		Unknown																					
BS_20TBZG09	GRCh38	RFC1	ENST00000381897			chr4	39321792	39321792	C	C	A	Intron	SNP	33	32	0.5076923076923077	True	False	False	Unknown		Unknown																					
BS_20TBZG09	GRCh38	RFC1	ENST00000381897			chr4	39327939	39327939	C	C	T	Intron	SNP	22	32	0.4074074074074074	True	False	False	Unknown		Unknown																					
BS_20TBZG09	GRCh38	RFC1	ENST00000381897			chr4	39329396	39329396	C	C	T	Intron	SNP	22	40	0.3548387096774194	True	False	False	Unknown		Unknown																					
BS_20TBZG09	GRCh38	RFC1	ENST00000381897			chr4	39333824	39333824	G	G	A	Intron	SNP	33	38	0.4647887323943662	True	False	False	Unknown		Unknown																					
BS_20TBZG09	GRCh38	RFC1	ENST00000381897			chr4	39335462	39335462	C	C	A	Intron	SNP	10	78	0.11363636363636363	True	False	False	Unknown		Unknown																					
BS_20TBZG09	GRCh38	RFC1	ENST00000381897			chr4	39337239	39337239	C	C	T	Intron	SNP	24	42	0.36363636363636365	True	False	False	Unknown		Unknown																					
BS_20TBZG09	GRCh38	RFC1	ENST00000381897			chr4	39339714	39339714	C	C	A	Intron	SNP	31	38	0.4492753623188406	True	False	False	Unknown		Unknown																					
BS_20TBZG09	GRCh38	RFC1	ENST00000381897			chr4	39340696	39340696	C	C	T	Intron	SNP	6	74	0.075	True	False	False	Unknown		Unknown																					
BS_20TBZG09	GRCh38	RFC1	ENST00000381897			chr4	39342622	39342622	C	C	T	Intron	SNP	36	35	0.5070422535211268	True	False	False	Unknown		Unknown																					
BS_20TBZG09	GRCh38	RFC1	ENST00000381897			chr4	39342984	39342984	C	C	A	Intron	SNP	26	38	0.40625	True	False	False	Unknown		Unknown																					
BS_20TBZG09	GRCh38	RFC1	ENST00000381897			chr4	39347358	39347358	C	C	T	Intron	SNP	30	41	0.4225352112676056	True	False	False	Unknown		Unknown																					
BS_20TBZG09	GRCh38	RFC1	ENST00000381897			chr4	39349903	39349903	C	C	A	Intron	SNP	16	69	0.18823529411764706	True	False	False	Unknown		Unknown																					
BS_20TBZG09	GRCh38	RFC1	ENST00000381897			chr4	39350824	39350824	C	C	T	Intron	SNP	5	66	0.07042253521126761	True	False	False	Unknown		Unknown																					
BS_20TBZG09	GRCh38	RFC1	ENST00000381897			chr4	39352698	39352698	T	T	G	Intron	SNP	21	46	0.31343283582089554	True	False	False	Unknown		Unknown																					
BS_20TBZG09	GRCh38	RFC1	ENST00000381897			chr4	39352719	39352719	A	A	G	Intron	SNP	34	33	0.5074626865671642	True	False	False	Unknown		Unknown																					
BS_20TBZG09	GRCh38	RFC1	ENST00000381897			chr4	39355547	39355547	C	C	T	Intron	SNP	23	31	0.42592592592592593	True	False	False	Unknown		Unknown																					
BS_20TBZG09	GRCh38	RFC1	ENST00000381897			chr4	39357035	39357035	T	T	G	Intron	SNP	33	44	0.42857142857142855	True	False	False	Unknown		Unknown																					
BS_20TBZG09	GRCh38	RFC1	ENST00000381897			chr4	39362036	39362037	-	-	A	Intron	INS	10	65	0.13333333333333333	True	False	False	Unknown		Unknown																					
BS_20TBZG09	GRCh38	RFC1	ENST00000381897			chr4	39368506	39368506	C	C	T	5'Flank	SNP	34	28	0.5483870967741935	True	False	False	Unknown		Unknown																					
BS_20TBZG09	GRCh38	RFC1	ENST00000381897			chr4	39370906	39370906	T	T	G	5'Flank	SNP	36	61	0.3711340206185567	True	False	False	Unknown		Unknown																					
BS_20TBZG09	GRCh38	TERT	ENST00000310581			chr5	1249920	1249920	G	G	T	3'Flank	SNP	9	77	0.10465116279069768	True	True	False	Unknown		Unknown																					
BS_20TBZG09	GRCh38	TERT	ENST00000310581			chr5	1253001	1253001	G	G	T	3'Flank	SNP	7	102	0.06422018348623854	True	True	False	Unknown		Unknown																					
BS_20TBZG09	GRCh38	TERT	ENST00000310581			chr5	1253547	1253547	G	G	A	3'UTR	SNP	52	60	0.4642857142857143	True	True	False	Unknown		Unknown																					
BS_20TBZG09	GRCh38	TERT	ENST00000310581			chr5	1254331	1254331	G	G	T	Intron	SNP	5	88	0.053763440860215055	True	True	False	Unknown		Unknown																					
BS_20TBZG09	GRCh38	TERT	ENST00000310581			chr5	1256306	1256306	G	G	A	Intron	SNP	4	63	0.05970149253731343	True	True	False	Unknown		Unknown																					
BS_20TBZG09	GRCh38	TERT	ENST00000310581			chr5	1263406	1263406	T	T	-	Intron	DEL	22	28	0.44	True	True	False	Unknown		Unknown																					
BS_20TBZG09	GRCh38	TERT	ENST00000310581			chr5	1264090	1264090	G	G	A	Intron	SNP	27	58	0.3176470588235294	True	True	False	Unknown		Unknown																					
BS_20TBZG09	GRCh38	TERT	ENST00000310581			chr5	1267059	1267059	G	G	A	Intron	SNP	17	46	0.2698412698412698	True	True	False	Unknown		Unknown																					
BS_20TBZG09	GRCh38	TERT	ENST00000310581			chr5	1267282	1267282	G	G	A	Intron	SNP	8	76	0.09523809523809523	True	True	False	Unknown		Unknown																					
BS_20TBZG09	GRCh38	TERT	ENST00000310581			chr5	1268477	1268477	A	A	C	Intron	SNP	8	81	0.0898876404494382	True	True	False	Unknown		Unknown																					
BS_20TBZG09	GRCh38	TERT	ENST00000310581			chr5	1271392	1271392	G	G	T	Intron	SNP	22	63	0.25882352941176473	True	True	False	Unknown		Unknown																					
BS_20TBZG09	GRCh38	TERT	ENST00000310581			chr5	1277771	1277771	G	G	A	Intron	SNP	45	48	0.4838709677419355	True	True	False	Unknown		Unknown																					
BS_20TBZG09	GRCh38	TERT	ENST00000310581			chr5	1278298	1278298	A	A	G	Intron	SNP	41	46	0.47126436781609193	True	True	False	Unknown		Unknown																					
BS_20TBZG09	GRCh38	TERT	ENST00000310581			chr5	1279021	1279021	G	G	A	Intron	SNP	14	99	0.12389380530973451	True	True	False	Unknown		Unknown																					
BS_20TBZG09	GRCh38	TERT	ENST00000310581	p.R646H	p.Arg646His	chr5	1280171	1280171	C	C	T	Missense_Mutation	SNP	7	94	0.06930693069306931	True	True	False	Unknown		Unknown																					
BS_20TBZG09	GRCh38	TERT	ENST00000310581			chr5	1281657	1281657	C	C	T	Intron	SNP	6	84	0.06666666666666667	True	True	False	Unknown		Unknown																					
BS_20TBZG09	GRCh38	TERT	ENST00000310581			chr5	1285834	1285834	C	C	A	Intron	SNP	6	65	0.08450704225352113	True	True	False	Unknown		Unknown																					
BS_20TBZG09	GRCh38	TERT	ENST00000310581			chr5	1287636	1287636	A	A	G	Intron	SNP	27	38	0.4153846153846154	True	True	False	Unknown		Unknown																					
BS_20TBZG09	GRCh38	TERT	ENST00000310581			chr5	1293166	1293166	G	G	A	Intron	SNP	7	78	0.08235294117647059	True	True	False	Unknown		Unknown																					
BS_20TBZG09	GRCh38	TERT	ENST00000310581			chr5	1298404	1298404	C	C	T	5'Flank	SNP	4	57	0.06557377049180328	True	True	True	Gain-of-function	24657534;25048572;23530248;23348506;23348503;23887589	Oncogenic																					
BS_20TBZG09	GRCh38	MSH3	ENST00000265081	p.E92K	p.Glu92Lys	chr5	80656447	80656447	G	G	A	Missense_Mutation	SNP	12	54	0.18181818181818182	True	True	False	Unknown		Unknown																					
BS_20TBZG09	GRCh38	MSH3	ENST00000265081			chr5	80659813	80659813	G	G	A	Intron	SNP	32	35	0.47761194029850745	True	True	False	Unknown		Unknown																					
BS_20TBZG09	GRCh38	MSH3	ENST00000265081			chr5	80662438	80662438	G	G	T	Intron	SNP	49	54	0.47572815533980584	True	True	False	Unknown		Unknown																					
BS_20TBZG09	GRCh38	MSH3	ENST00000265081			chr5	80663298	80663298	G	G	T	Intron	SNP	38	39	0.4935064935064935	True	True	False	Unknown		Unknown																					
BS_20TBZG09	GRCh38	MSH3	ENST00000265081			chr5	80666363	80666363	A	A	C	Intron	SNP	39	29	0.5735294117647058	True	True	False	Unknown		Unknown																					
BS_20TBZG09	GRCh38	MSH3	ENST00000265081			chr5	80666406	80666406	G	G	A	Intron	SNP	6	63	0.08695652173913043	True	True	False	Unknown		Unknown																					
BS_20TBZG09	GRCh38	MSH3	ENST00000265081			chr5	80668194	80668194	G	G	T	Intron	SNP	38	34	0.5277777777777778	True	True	False	Unknown		Unknown																					
BS_20TBZG09	GRCh38	MSH3	ENST00000265081			chr5	80674501	80674501	G	G	T	Intron	SNP	12	34	0.2608695652173913	True	True	False	Unknown		Unknown																					
BS_20TBZG09	GRCh38	MSH3	ENST00000265081			chr5	80674668	80674668	C	C	A	Intron	SNP	9	49	0.15517241379310345	True	True	False	Unknown		Unknown																					
BS_20TBZG09	GRCh38	MSH3	ENST00000265081	p.Q422H	p.Gln422His	chr5	80679019	80679019	G	G	T	Missense_Mutation	SNP	16	41	0.2807017543859649	True	True	False	Unknown		Unknown																					
BS_20TBZG09	GRCh38	MSH3	ENST00000265081			chr5	80683867	80683867	T	T	C	Intron	SNP	33	35	0.4852941176470588	True	True	False	Unknown		Unknown																					
BS_20TBZG09	GRCh38	MSH3	ENST00000265081			chr5	80688859	80688859	G	G	A	Intron	SNP	26	48	0.35135135135135137	True	True	False	Unknown		Unknown																					
BS_20TBZG09	GRCh38	MSH3	ENST00000265081			chr5	80693735	80693735	G	G	A	Intron	SNP	28	28	0.5	True	True	False	Unknown		Unknown																					
BS_20TBZG09	GRCh38	MSH3	ENST00000265081			chr5	80693759	80693759	G	G	A	Intron	SNP	33	28	0.5409836065573771	True	True	False	Unknown		Unknown																					
BS_20TBZG09	GRCh38	MSH3	ENST00000265081			chr5	80697012	80697012	A	A	C	Intron	SNP	6	69	0.08	True	True	False	Unknown		Unknown																					
BS_20TBZG09	GRCh38	MSH3	ENST00000265081			chr5	80698898	80698898	T	T	A	Intron	SNP	26	26	0.5	True	True	False	Unknown		Unknown																					
BS_20TBZG09	GRCh38	MSH3	ENST00000265081			chr5	80700832	80700832	G	G	T	Intron	SNP	29	50	0.3670886075949367	True	True	False	Unknown		Unknown																					
BS_20TBZG09	GRCh38	MSH3	ENST00000265081			chr5	80701925	80701925	G	G	T	Intron	SNP	37	33	0.5285714285714286	True	True	False	Unknown		Unknown																					
BS_20TBZG09	GRCh38	MSH3	ENST00000265081			chr5	80702792	80702792	G	G	A	Intron	SNP	37	69	0.3490566037735849	True	True	False	Unknown		Unknown																					
BS_20TBZG09	GRCh38	MSH3	ENST00000265081			chr5	80704501	80704501	G	G	A	Intron	SNP	27	37	0.421875	True	True	False	Unknown		Unknown																					
BS_20TBZG09	GRCh38	MSH3	ENST00000265081			chr5	80705078	80705078	G	G	A	Intron	SNP	33	58	0.3626373626373626	True	True	False	Unknown		Unknown																					
BS_20TBZG09	GRCh38	MSH3	ENST00000265081			chr5	80707186	80707186	A	A	G	Intron	SNP	24	67	0.26373626373626374	True	True	False	Unknown		Unknown																					
BS_20TBZG09	GRCh38	MSH3	ENST00000265081			chr5	80709304	80709304	G	G	T	Intron	SNP	4	35	0.10256410256410256	True	True	False	Unknown		Unknown																					
BS_20TBZG09	GRCh38	MSH3	ENST00000265081			chr5	80709574	80709574	A	A	C	Intron	SNP	25	36	0.4098360655737705	True	True	False	Unknown		Unknown																					
BS_20TBZG09	GRCh38	MSH3	ENST00000265081			chr5	80710099	80710099	T	T	C	Intron	SNP	4	51	0.07272727272727272	True	True	False	Unknown		Unknown																					
BS_20TBZG09	GRCh38	MSH3	ENST00000265081			chr5	80712138	80712138	G	G	T	Intron	SNP	4	49	0.07547169811320754	True	True	False	Unknown		Unknown																					
BS_20TBZG09	GRCh38	MSH3	ENST00000265081			chr5	80714271	80714271	G	G	A	Intron	SNP	9	45	0.16666666666666666	True	True	False	Unknown		Unknown																					
BS_20TBZG09	GRCh38	MSH3	ENST00000265081			chr5	80715909	80715909	A	A	T	Intron	SNP	19	39	0.3275862068965517	True	True	False	Unknown		Unknown																					
BS_20TBZG09	GRCh38	MSH3	ENST00000265081			chr5	80717745	80717745	T	T	C	Intron	SNP	25	52	0.3246753246753247	True	True	False	Unknown		Unknown																					
BS_20TBZG09	GRCh38	MSH3	ENST00000265081			chr5	80721151	80721151	A	A	C	Intron	SNP	23	53	0.3026315789473684	True	True	False	Unknown		Unknown																					
BS_20TBZG09	GRCh38	MSH3	ENST00000265081			chr5	80723210	80723210	G	G	T	Intron	SNP	37	55	0.40217391304347827	True	True	False	Unknown		Unknown																					
BS_20TBZG09	GRCh38	MSH3	ENST00000265081			chr5	80724082	80724082	G	G	T	Intron	SNP	4	48	0.07692307692307693	True	True	False	Unknown		Unknown																					
BS_20TBZG09	GRCh38	MSH3	ENST00000265081			chr5	80725858	80725859	-	-	A	Intron	INS	25	23	0.5208333333333334	True	True	False	Unknown		Unknown																					
BS_20TBZG09	GRCh38	MSH3	ENST00000265081			chr5	80729818	80729818	G	G	A	Intron	SNP	35	33	0.5147058823529411	True	True	False	Unknown		Unknown																					
BS_20TBZG09	GRCh38	MSH3	ENST00000265081			chr5	80731749	80731749	G	G	A	Intron	SNP	30	56	0.3488372093023256	True	True	False	Unknown		Unknown																					
BS_20TBZG09	GRCh38	MSH3	ENST00000265081			chr5	80732400	80732400	G	G	T	Intron	SNP	36	44	0.45	True	True	False	Unknown		Unknown																					
BS_20TBZG09	GRCh38	MSH3	ENST00000265081			chr5	80734138	80734138	G	G	A	Intron	SNP	6	74	0.075	True	True	False	Unknown		Unknown																					
BS_20TBZG09	GRCh38	MSH3	ENST00000265081			chr5	80735843	80735843	A	A	C	Intron	SNP	36	30	0.5454545454545454	True	True	False	Unknown		Unknown																					
BS_20TBZG09	GRCh38	MSH3	ENST00000265081			chr5	80742406	80742406	A	A	T	Intron	SNP	36	38	0.4864864864864865	True	True	False	Unknown		Unknown																					
BS_20TBZG09	GRCh38	MSH3	ENST00000265081			chr5	80746270	80746270	A	A	C	Intron	SNP	7	64	0.09859154929577464	True	True	False	Unknown		Unknown																					
BS_20TBZG09	GRCh38	MSH3	ENST00000265081			chr5	80750510	80750510	G	G	T	Intron	SNP	32	41	0.4383561643835616	True	True	False	Unknown		Unknown																					
BS_20TBZG09	GRCh38	MSH3	ENST00000265081			chr5	80750802	80750802	G	G	A	Intron	SNP	11	69	0.1375	True	True	False	Unknown		Unknown																					
BS_20TBZG09	GRCh38	MSH3	ENST00000265081			chr5	80751983	80751983	G	G	A	Intron	SNP	18	50	0.2647058823529412	True	True	False	Unknown		Unknown																					
BS_20TBZG09	GRCh38	MSH3	ENST00000265081			chr5	80753913	80753913	G	G	A	Intron	SNP	6	76	0.07317073170731707	True	True	False	Unknown		Unknown																					
BS_20TBZG09	GRCh38	MSH3	ENST00000265081			chr5	80758029	80758029	G	G	T	Intron	SNP	32	32	0.5	True	True	False	Unknown		Unknown																					
BS_20TBZG09	GRCh38	MSH3	ENST00000265081			chr5	80758665	80758665	T	T	G	Intron	SNP	21	53	0.28378378378378377	True	True	False	Unknown		Unknown																					
BS_20TBZG09	GRCh38	MSH3	ENST00000265081			chr5	80759888	80759888	G	G	A	Intron	SNP	44	48	0.4782608695652174	True	True	False	Unknown		Unknown																					
BS_20TBZG09	GRCh38	MSH3	ENST00000265081	p.S627N	p.Ser627Asn	chr5	80761662	80761662	G	G	A	Missense_Mutation	SNP	20	42	0.3225806451612903	True	True	False	Unknown		Unknown																					
BS_20TBZG09	GRCh38	MSH3	ENST00000265081			chr5	80762342	80762342	T	T	C	Intron	SNP	32	36	0.47058823529411764	True	True	False	Unknown		Unknown																					
BS_20TBZG09	GRCh38	MSH3	ENST00000265081			chr5	80767177	80767177	G	G	A	Intron	SNP	26	38	0.40625	True	True	False	Unknown		Unknown																					
BS_20TBZG09	GRCh38	MSH3	ENST00000265081			chr5	80772967	80772967	G	G	A	Intron	SNP	32	45	0.4155844155844156	True	True	False	Unknown		Unknown																					
BS_20TBZG09	GRCh38	MSH3	ENST00000265081			chr5	80775165	80775165	A	A	C	Intron	SNP	23	23	0.5	True	True	False	Unknown		Unknown																					
BS_20TBZG09	GRCh38	MSH3	ENST00000265081			chr5	80775429	80775429	G	G	A	Intron	SNP	25	31	0.44642857142857145	True	True	False	Unknown		Unknown																					
BS_20TBZG09	GRCh38	MSH3	ENST00000265081			chr5	80779475	80779475	G	G	A	Intron	SNP	30	47	0.38961038961038963	True	True	False	Unknown		Unknown																					
BS_20TBZG09	GRCh38	MSH3	ENST00000265081			chr5	80781986	80781986	G	G	T	Intron	SNP	9	74	0.10843373493975904	True	True	False	Unknown		Unknown																					
BS_20TBZG09	GRCh38	MSH3	ENST00000265081			chr5	80791153	80791153	T	T	C	Intron	SNP	4	52	0.07142857142857142	True	True	False	Unknown		Unknown																					
BS_20TBZG09	GRCh38	MSH3	ENST00000265081			chr5	80792340	80792340	T	T	C	Intron	SNP	19	21	0.475	True	True	False	Unknown		Unknown																					
BS_20TBZG09	GRCh38	MSH3	ENST00000265081			chr5	80795344	80795344	G	G	T	Intron	SNP	7	93	0.07	True	True	False	Unknown		Unknown																					
BS_20TBZG09	GRCh38	MSH3	ENST00000265081			chr5	80797903	80797903	C	C	T	Intron	SNP	36	42	0.46153846153846156	True	True	False	Unknown		Unknown																					
BS_20TBZG09	GRCh38	MSH3	ENST00000265081			chr5	80812250	80812250	T	T	C	Intron	SNP	8	57	0.12307692307692308	True	True	False	Unknown		Unknown																					
BS_20TBZG09	GRCh38	MSH3	ENST00000265081			chr5	80813983	80813983	A	A	C	Intron	SNP	16	23	0.41025641025641024	True	True	False	Unknown		Unknown																					
BS_20TBZG09	GRCh38	MSH3	ENST00000265081			chr5	80815521	80815521	G	G	T	Intron	SNP	4	51	0.07272727272727272	True	True	False	Unknown		Unknown																					
BS_20TBZG09	GRCh38	MSH3	ENST00000265081			chr5	80816371	80816371	G	G	A	Intron	SNP	30	38	0.4411764705882353	True	True	False	Unknown		Unknown																					
BS_20TBZG09	GRCh38	MSH3	ENST00000265081			chr5	80818734	80818734	T	T	C	Intron	SNP	23	39	0.3709677419354839	True	True	False	Unknown		Unknown																					
BS_20TBZG09	GRCh38	MSH3	ENST00000265081			chr5	80820957	80820957	G	G	A	Intron	SNP	29	58	0.3333333333333333	True	True	False	Unknown		Unknown																					
BS_20TBZG09	GRCh38	MSH3	ENST00000265081			chr5	80821641	80821641	G	G	T	Intron	SNP	15	87	0.14705882352941177	True	True	False	Unknown		Unknown																					
BS_20TBZG09	GRCh38	MSH3	ENST00000265081			chr5	80824186	80824186	G	G	T	Intron	SNP	43	48	0.4725274725274725	True	True	False	Unknown		Unknown																					
BS_20TBZG09	GRCh38	MSH3	ENST00000265081			chr5	80826101	80826101	A	A	G	Intron	SNP	6	52	0.10344827586206896	True	True	False	Unknown		Unknown																					
BS_20TBZG09	GRCh38	MSH3	ENST00000265081			chr5	80829297	80829297	G	G	T	Intron	SNP	21	33	0.3888888888888889	True	True	False	Unknown		Unknown																					
BS_20TBZG09	GRCh38	MSH3	ENST00000265081			chr5	80831482	80831482	G	G	T	Intron	SNP	3	53	0.05357142857142857	True	True	False	Unknown		Unknown																					
BS_20TBZG09	GRCh38	MSH3	ENST00000265081			chr5	80833096	80833096	C	C	T	Intron	SNP	18	38	0.32142857142857145	True	True	False	Unknown		Unknown																					
BS_20TBZG09	GRCh38	MSH3	ENST00000265081			chr5	80835381	80835381	C	C	T	Intron	SNP	39	30	0.5652173913043478	True	True	False	Unknown		Unknown																					
BS_20TBZG09	GRCh38	MSH3	ENST00000265081			chr5	80840185	80840185	A	A	G	Intron	SNP	28	38	0.42424242424242425	True	True	False	Unknown		Unknown																					
BS_20TBZG09	GRCh38	MSH3	ENST00000265081			chr5	80840453	80840453	G	G	A	Intron	SNP	9	72	0.1111111111111111	True	True	False	Unknown		Unknown																					
BS_20TBZG09	GRCh38	MSH3	ENST00000265081			chr5	80844993	80844993	C	C	T	Intron	SNP	6	61	0.08955223880597014	True	True	False	Unknown		Unknown																					
BS_20TBZG09	GRCh38	MSH3	ENST00000265081			chr5	80846363	80846363	G	G	T	Intron	SNP	37	44	0.4567901234567901	True	True	False	Unknown		Unknown																					
BS_20TBZG09	GRCh38	MSH3	ENST00000265081			chr5	80852246	80852246	G	G	T	Intron	SNP	23	40	0.36507936507936506	True	True	False	Unknown		Unknown																					
BS_20TBZG09	GRCh38	MSH3	ENST00000265081			chr5	80855745	80855745	G	G	A	Intron	SNP	20	25	0.4444444444444444	True	True	False	Unknown		Unknown																					
BS_20TBZG09	GRCh38	MSH3	ENST00000265081			chr5	80857833	80857833	G	G	A	Intron	SNP	22	48	0.3142857142857143	True	True	False	Unknown		Unknown																					
BS_20TBZG09	GRCh38	MSH3	ENST00000265081			chr5	80858403	80858403	G	G	A	Intron	SNP	21	39	0.35	True	True	False	Unknown		Unknown																					
BS_20TBZG09	GRCh38	MSH3	ENST00000265081			chr5	80861538	80861538	G	G	T	Intron	SNP	24	53	0.3116883116883117	True	True	False	Unknown		Unknown																					
BS_20TBZG09	GRCh38	MSH3	ENST00000265081			chr5	80862681	80862681	G	G	T	Intron	SNP	22	45	0.3283582089552239	True	True	False	Unknown		Unknown																					
BS_20TBZG09	GRCh38	MSH3	ENST00000265081			chr5	80866349	80866349	G	G	T	Intron	SNP	40	30	0.5714285714285714	True	True	False	Unknown		Unknown																					
BS_20TBZG09	GRCh38	MSH3	ENST00000265081			chr5	80867777	80867778	-	-	T	Intron	INS	14	72	0.16279069767441862	True	True	False	Unknown		Unknown																					
BS_20TBZG09	GRCh38	MSH3	ENST00000265081			chr5	80869500	80869500	G	G	A	Intron	SNP	9	55	0.140625	True	True	False	Unknown		Unknown																					
BS_20TBZG09	GRCh38	MSH3	ENST00000265081			chr5	80869767	80869767	G	G	A	Intron	SNP	24	21	0.5333333333333333	True	True	False	Unknown		Unknown																					
BS_20TBZG09	GRCh38	MSH3	ENST00000265081			chr5	80875670	80875670	G	G	T	Intron	SNP	27	56	0.3253012048192771	True	True	False	Unknown		Unknown																					
BS_20TBZG09	GRCh38	DAXX	ENST00000374542			chr6	33317944	33317944	C	C	A	3'Flank	SNP	17	77	0.18085106382978725	True	True	False	Unknown		Unknown																					
BS_20TBZG09	GRCh38	DAXX	ENST00000374542	p.D738Y	p.Asp738Tyr	chr6	33318754	33318754	C	C	A	Missense_Mutation	SNP	32	54	0.37209302325581395	True	True	False	Unknown		Unknown																					
BS_20TBZG09	GRCh38	DAXX	ENST00000374542	p.P669=	p.Pro669=	chr6	33319153	33319153	T	T	C	Silent	SNP	15	80	0.15789473684210525	True	True	False	Unknown		Unknown																					
BS_20TBZG09	GRCh38	DAXX	ENST00000374542	p.D16=	p.Asp16=	chr6	33321878	33321878	A	A	G	Silent	SNP	42	43	0.49411764705882355	True	True	False	Unknown		Unknown																					
BS_20TBZG09	GRCh38	DAXX	ENST00000374542			chr6	33322068	33322068	A	A	G	Intron	SNP	45	48	0.4838709677419355	True	True	False	Unknown		Unknown																					
BS_20TBZG09	GRCh38	DAXX	ENST00000374542			chr6	33323536	33323536	C	C	T	5'Flank	SNP	34	65	0.3434343434343434	True	True	False	Unknown		Unknown																					
BS_20TBZG09	GRCh38	PMS2	ENST00000265849			chr7	5972997	5972997	G	G	T	3'Flank	SNP	10	22	0.3125	True	True	False	Unknown		Unknown																					
BS_20TBZG09	GRCh38	PMS2	ENST00000265849			chr7	5976608	5976608	G	G	A	Intron	SNP	16	53	0.2318840579710145	True	True	False	Unknown		Unknown																					
BS_20TBZG09	GRCh38	PMS2	ENST00000265849			chr7	5978703	5978703	A	A	C	Splice_Region	SNP	22	63	0.25882352941176473	True	True	False	Likely Loss-of-function	12697830;10439048;20487569;7628019;24362816;23582141;21376568;9500552;10874005;7892206;16144131;9488480	Likely Oncogenic																					
BS_20TBZG09	GRCh38	PMS2	ENST00000265849	p.F709=	p.Phe709=	chr7	5982871	5982871	G	G	A	Silent	SNP	15	47	0.24193548387096775	True	True	False	Unknown		Unknown																					
BS_20TBZG09	GRCh38	PMS2	ENST00000265849			chr7	5985345	5985345	A	A	C	Intron	SNP	24	25	0.4897959183673469	True	True	False	Unknown		Unknown																					
BS_20TBZG09	GRCh38	PMS2	ENST00000265849			chr7	5986239	5986239	G	G	A	Intron	SNP	30	38	0.4411764705882353	True	True	False	Unknown		Unknown																					
BS_20TBZG09	GRCh38	PMS2	ENST00000265849			chr7	5997509	5997509	G	G	A	Intron	SNP	4	42	0.08695652173913043	True	True	False	Unknown		Unknown																					
BS_20TBZG09	GRCh38	PMS2	ENST00000265849			chr7	6001671	6001671	G	G	T	Intron	SNP	10	51	0.16393442622950818	True	True	False	Unknown		Unknown																					
BS_20TBZG09	GRCh38	PMS2	ENST00000265849			chr7	6004368	6004368	G	G	A	Intron	SNP	6	61	0.08955223880597014	True	True	False	Unknown		Unknown																					
BS_20TBZG09	GRCh38	PMS2	ENST00000265849			chr7	6008109	6008109	G	G	T	Intron	SNP	4	44	0.08333333333333333	True	True	False	Unknown		Unknown																					
BS_20TBZG09	GRCh38	PMS2	ENST00000265849			chr7	6008200	6008200	G	G	T	Intron	SNP	38	32	0.5428571428571428	True	True	False	Unknown		Unknown																					
BS_20TBZG09	GRCh38	RPA3	ENST00000223129			chr7	7638887	7638887	G	G	A	Intron	SNP	18	41	0.3050847457627119	True	False	False	Unknown		Unknown																					
BS_20TBZG09	GRCh38	RPA3	ENST00000223129			chr7	7640127	7640127	T	T	C	Intron	SNP	24	38	0.3870967741935484	True	False	False	Unknown		Unknown																					
BS_20TBZG09	GRCh38	RPA3	ENST00000223129			chr7	7641215	7641215	T	T	G	Intron	SNP	10	52	0.16129032258064516	True	False	False	Unknown		Unknown																					
BS_20TBZG09	GRCh38	RPA3	ENST00000223129			chr7	7643575	7643575	G	G	A	Intron	SNP	33	52	0.38823529411764707	True	False	False	Unknown		Unknown																					
BS_20TBZG09	GRCh38	RPA3	ENST00000223129			chr7	7644245	7644245	T	T	G	Intron	SNP	18	28	0.391304347826087	True	False	False	Unknown		Unknown																					
BS_20TBZG09	GRCh38	RPA3	ENST00000223129			chr7	7646099	7646099	G	G	T	Intron	SNP	34	39	0.4657534246575342	True	False	False	Unknown		Unknown																					
BS_20TBZG09	GRCh38	RPA3	ENST00000223129			chr7	7651733	7651733	C	C	T	Intron	SNP	22	54	0.2894736842105263	True	False	False	Unknown		Unknown																					
BS_20TBZG09	GRCh38	RPA3	ENST00000223129			chr7	7652071	7652071	C	C	T	Intron	SNP	39	45	0.4642857142857143	True	False	False	Unknown		Unknown																					
BS_20TBZG09	GRCh38	RPA3	ENST00000223129			chr7	7654506	7654506	C	C	A	Intron	SNP	8	67	0.10666666666666667	True	False	False	Unknown		Unknown																					
BS_20TBZG09	GRCh38	RPA3	ENST00000223129			chr7	7657362	7657362	G	G	T	Intron	SNP	24	58	0.2926829268292683	True	False	False	Unknown		Unknown																					
BS_20TBZG09	GRCh38	RPA3	ENST00000223129			chr7	7658289	7658289	G	G	A	Intron	SNP	40	45	0.47058823529411764	True	False	False	Unknown		Unknown																					
BS_20TBZG09	GRCh38	RPA3	ENST00000223129			chr7	7659892	7659892	A	A	G	Intron	SNP	30	44	0.40540540540540543	True	False	False	Unknown		Unknown																					
BS_20TBZG09	GRCh38	RPA3	ENST00000223129			chr7	7661420	7661420	G	G	A	Intron	SNP	27	60	0.3103448275862069	True	False	False	Unknown		Unknown																					
BS_20TBZG09	GRCh38	RPA3	ENST00000223129			chr7	7665220	7665220	G	G	T	Intron	SNP	29	31	0.48333333333333334	True	False	False	Unknown		Unknown																					
BS_20TBZG09	GRCh38	RPA3	ENST00000223129			chr7	7665485	7665485	T	T	G	Intron	SNP	9	78	0.10344827586206896	True	False	False	Unknown		Unknown																					
BS_20TBZG09	GRCh38	RPA3	ENST00000223129			chr7	7672169	7672169	G	G	T	Intron	SNP	37	38	0.49333333333333335	True	False	False	Unknown		Unknown																					
BS_20TBZG09	GRCh38	RPA3	ENST00000223129			chr7	7675079	7675079	G	G	A	Intron	SNP	30	50	0.375	True	False	False	Unknown		Unknown																					
BS_20TBZG09	GRCh38	RPA3	ENST00000223129			chr7	7680131	7680131	T	T	C	Intron	SNP	29	35	0.453125	True	False	False	Unknown		Unknown																					
BS_20TBZG09	GRCh38	RPA3	ENST00000223129			chr7	7680531	7680531	T	T	C	Intron	SNP	8	56	0.125	True	False	False	Unknown		Unknown																					
BS_20TBZG09	GRCh38	RPA3	ENST00000223129			chr7	7681623	7681623	C	C	A	Intron	SNP	32	41	0.4383561643835616	True	False	False	Unknown		Unknown																					
BS_20TBZG09	GRCh38	RPA3	ENST00000223129			chr7	7682472	7682472	G	G	A	Intron	SNP	25	40	0.38461538461538464	True	False	False	Unknown		Unknown																					
BS_20TBZG09	GRCh38	RPA3	ENST00000223129			chr7	7690570	7690570	G	G	A	Intron	SNP	37	45	0.45121951219512196	True	False	False	Unknown		Unknown																					
BS_20TBZG09	GRCh38	RPA3	ENST00000223129			chr7	7696761	7696761	T	T	C	Intron	SNP	37	42	0.46835443037974683	True	False	False	Unknown		Unknown																					
BS_20TBZG09	GRCh38	RPA3	ENST00000223129			chr7	7698351	7698351	G	G	A	Intron	SNP	16	36	0.3076923076923077	True	False	False	Unknown		Unknown																					
BS_20TBZG09	GRCh38	RPA3	ENST00000223129			chr7	7707320	7707320	C	C	T	Intron	SNP	39	40	0.4936708860759494	True	False	False	Unknown		Unknown																					
BS_20TBZG09	GRCh38	RPA3	ENST00000223129			chr7	7715327	7715327	A	A	C	Intron	SNP	23	32	0.41818181818181815	True	False	False	Unknown		Unknown																					
BS_20TBZG09	GRCh38	RPA3	ENST00000223129			chr7	7715726	7715726	C	C	T	Intron	SNP	28	22	0.56	True	False	False	Unknown		Unknown																					
BS_20TBZG09	GRCh38	POLD2	ENST00000610533	p.Q470=	p.Gln470=	chr7	44114890	44114890	C	C	T	Silent	SNP	14	79	0.15053763440860216	True	False	False	Unknown		Unknown																					
BS_20TBZG09	GRCh38	POLD2	ENST00000610533			chr7	44118657	44118657	C	C	T	Intron	SNP	22	34	0.39285714285714285	True	False	False	Unknown		Unknown																					
BS_20TBZG09	GRCh38	POLD2	ENST00000610533			chr7	44118679	44118679	A	A	C	Intron	SNP	23	30	0.4339622641509434	True	False	False	Unknown		Unknown																					
BS_20TBZG09	GRCh38	POLD2	ENST00000610533			chr7	44118680	44118680	T	T	-	Intron	DEL	26	32	0.4482758620689655	True	False	False	Unknown		Unknown																					
BS_20TBZG09	GRCh38	POLD2	ENST00000610533			chr7	44119378	44119378	C	C	A	Intron	SNP	30	40	0.42857142857142855	True	False	False	Unknown		Unknown																					
BS_20TBZG09	GRCh38	POLD2	ENST00000610533			chr7	44120078	44120078	C	C	A	Intron	SNP	26	61	0.2988505747126437	True	False	False	Unknown		Unknown																					
BS_20TBZG09	GRCh38	POLD2	ENST00000610533			chr7	44121626	44121626	G	G	A	Intron	SNP	5	57	0.08064516129032258	True	False	False	Unknown		Unknown																					
BS_20TBZG09	GRCh38	POLD2	ENST00000610533			chr7	44123472	44123472	C	C	A	Intron	SNP	38	40	0.48717948717948717	True	False	False	Unknown		Unknown																					
BS_20TBZG09	GRCh38	POLD2	ENST00000610533			chr7	44123887	44123887	C	C	T	5'Flank	SNP	31	52	0.37349397590361444	True	False	False	Unknown		Unknown																					
BS_20TBZG09	GRCh38	POLD2	ENST00000610533			chr7	44124084	44124084	G	G	A	5'Flank	SNP	9	73	0.10975609756097561	True	False	False	Unknown		Unknown																					
BS_20TBZG09	GRCh38	POLD2	ENST00000610533			chr7	44124320	44124320	G	G	T	5'Flank	SNP	29	36	0.4461538461538462	True	False	False	Unknown		Unknown																					
BS_20TBZG09	GRCh38	POLD2	ENST00000610533			chr7	44125774	44125774	C	C	A	5'Flank	SNP	29	33	0.46774193548387094	True	False	False	Unknown		Unknown																					
BS_20TBZG09	GRCh38	POLD2	ENST00000610533			chr7	44126785	44126785	C	C	T	5'Flank	SNP	11	64	0.14666666666666667	True	False	False	Unknown		Unknown																					
BS_20TBZG09	GRCh38	POLD2	ENST00000610533			chr7	44127407	44127407	C	C	A	5'Flank	SNP	35	48	0.42168674698795183	True	False	False	Unknown		Unknown																					
BS_20TBZG09	GRCh38	RFC2	ENST00000055077			chr7	74230121	74230121	C	C	T	3'Flank	SNP	24	53	0.3116883116883117	True	False	False	Unknown		Unknown																					
BS_20TBZG09	GRCh38	RFC2	ENST00000055077			chr7	74233703	74233703	C	C	T	Intron	SNP	26	44	0.37142857142857144	True	False	False	Unknown		Unknown																					
BS_20TBZG09	GRCh38	RFC2	ENST00000055077			chr7	74234163	74234163	C	C	T	Intron	SNP	4	50	0.07407407407407407	True	False	False	Unknown		Unknown																					
BS_20TBZG09	GRCh38	RFC2	ENST00000055077			chr7	74235022	74235022	C	C	T	Intron	SNP	26	42	0.38235294117647056	True	False	False	Unknown		Unknown																					
BS_20TBZG09	GRCh38	RFC2	ENST00000055077			chr7	74235809	74235809	G	G	A	Intron	SNP	33	39	0.4583333333333333	True	False	False	Unknown		Unknown																					
BS_20TBZG09	GRCh38	RFC2	ENST00000055077			chr7	74235977	74235977	C	C	A	Intron	SNP	5	67	0.06944444444444445	True	False	False	Unknown		Unknown																					
BS_20TBZG09	GRCh38	RFC2	ENST00000055077			chr7	74236294	74236294	C	C	A	Intron	SNP	6	67	0.0821917808219178	True	False	False	Unknown		Unknown																					
BS_20TBZG09	GRCh38	RFC2	ENST00000055077			chr7	74236901	74236901	G	G	T	Intron	SNP	24	35	0.4067796610169492	True	False	False	Unknown		Unknown																					
BS_20TBZG09	GRCh38	RFC2	ENST00000055077			chr7	74238431	74238431	C	C	A	Intron	SNP	33	40	0.4520547945205479	True	False	False	Unknown		Unknown																					
BS_20TBZG09	GRCh38	RFC2	ENST00000055077			chr7	74239439	74239439	C	C	A	Intron	SNP	3	44	0.06382978723404255	True	False	False	Unknown		Unknown																					
BS_20TBZG09	GRCh38	RFC2	ENST00000055077			chr7	74240371	74240371	G	G	A	Intron	SNP	22	37	0.3728813559322034	True	False	False	Unknown		Unknown																					
BS_20TBZG09	GRCh38	RFC2	ENST00000055077			chr7	74241427	74241427	C	C	T	Intron	SNP	38	47	0.4470588235294118	True	False	False	Unknown		Unknown																					
BS_20TBZG09	GRCh38	RFC2	ENST00000055077			chr7	74241503	74241503	C	C	T	Intron	SNP	34	44	0.4358974358974359	True	False	False	Unknown		Unknown																					
BS_20TBZG09	GRCh38	RFC2	ENST00000055077			chr7	74241788	74241788	C	C	T	Intron	SNP	9	64	0.1232876712328767	True	False	False	Unknown		Unknown																					
BS_20TBZG09	GRCh38	RFC2	ENST00000055077			chr7	74246056	74246056	C	C	T	Intron	SNP	20	50	0.2857142857142857	True	False	False	Unknown		Unknown																					
BS_20TBZG09	GRCh38	RFC2	ENST00000055077			chr7	74249455	74249455	C	C	T	Intron	SNP	24	31	0.43636363636363634	True	False	False	Unknown		Unknown																					
BS_20TBZG09	GRCh38	RFC2	ENST00000055077			chr7	74251522	74251522	G	G	A	Intron	SNP	18	43	0.29508196721311475	True	False	False	Unknown		Unknown																					
BS_20TBZG09	GRCh38	RFC2	ENST00000055077			chr7	74257814	74257814	C	C	T	5'Flank	SNP	19	45	0.296875	True	False	False	Unknown		Unknown																					
BS_20TBZG09	GRCh38	RFC2	ENST00000055077			chr7	74257958	74257958	G	G	T	5'Flank	SNP	34	46	0.425	True	False	False	Unknown		Unknown																					
BS_20TBZG09	GRCh38	RFC2	ENST00000055077			chr7	74258628	74258628	T	T	G	5'Flank	SNP	22	33	0.4	True	False	False	Unknown		Unknown																					
BS_20TBZG09	GRCh38	SSBP1	ENST00000481508			chr7	141735000	141735000	G	G	A	5'Flank	SNP	26	30	0.4642857142857143	True	False	False	Unknown		Unknown																					
BS_20TBZG09	GRCh38	SSBP1	ENST00000481508			chr7	141735483	141735483	A	A	G	5'Flank	SNP	27	50	0.35064935064935066	True	False	False	Unknown		Unknown																					
BS_20TBZG09	GRCh38	SSBP1	ENST00000481508			chr7	141735820	141735820	G	G	A	5'Flank	SNP	29	61	0.32222222222222224	True	False	False	Unknown		Unknown																					
BS_20TBZG09	GRCh38	SSBP1	ENST00000481508			chr7	141735895	141735895	G	G	A	5'Flank	SNP	30	59	0.33707865168539325	True	False	False	Unknown		Unknown																					
BS_20TBZG09	GRCh38	SSBP1	ENST00000481508			chr7	141736216	141736216	C	C	T	5'Flank	SNP	12	69	0.14814814814814814	True	False	False	Unknown		Unknown																					
BS_20TBZG09	GRCh38	SSBP1	ENST00000481508			chr7	141736228	141736228	A	A	C	5'Flank	SNP	34	45	0.43037974683544306	True	False	False	Unknown		Unknown																					
BS_20TBZG09	GRCh38	SSBP1	ENST00000481508			chr7	141737001	141737001	G	G	A	5'Flank	SNP	36	47	0.43373493975903615	True	False	False	Unknown		Unknown																					
BS_20TBZG09	GRCh38	SSBP1	ENST00000481508			chr7	141737047	141737047	G	G	T	5'Flank	SNP	30	49	0.379746835443038	True	False	False	Unknown		Unknown																					
BS_20TBZG09	GRCh38	SSBP1	ENST00000481508			chr7	141740426	141740426	G	G	T	Intron	SNP	41	39	0.5125	True	False	False	Unknown		Unknown																					
BS_20TBZG09	GRCh38	SSBP1	ENST00000481508			chr7	141740834	141740834	G	G	T	Intron	SNP	4	56	0.06666666666666667	True	False	False	Unknown		Unknown																					
BS_20TBZG09	GRCh38	SSBP1	ENST00000481508			chr7	141741087	141741087	G	G	T	Intron	SNP	6	70	0.07894736842105263	True	False	False	Unknown		Unknown																					
BS_20TBZG09	GRCh38	SSBP1	ENST00000481508			chr7	141742396	141742396	G	G	A	Intron	SNP	28	42	0.4	True	False	False	Unknown		Unknown																					
BS_20TBZG09	GRCh38	SSBP1	ENST00000481508			chr7	141742613	141742613	C	C	T	Intron	SNP	4	55	0.06779661016949153	True	False	False	Unknown		Unknown																					
BS_20TBZG09	GRCh38	SSBP1	ENST00000481508			chr7	141743411	141743411	G	G	A	Intron	SNP	37	29	0.5606060606060606	True	False	False	Unknown		Unknown																					
BS_20TBZG09	GRCh38	SSBP1	ENST00000481508			chr7	141744231	141744231	G	G	T	Intron	SNP	52	54	0.49056603773584906	True	False	False	Unknown		Unknown																					
BS_20TBZG09	GRCh38	SSBP1	ENST00000481508			chr7	141749190	141749190	T	T	C	Intron	SNP	25	30	0.45454545454545453	True	False	False	Unknown		Unknown																					
BS_20TBZG09	GRCh38	SSBP1	ENST00000481508			chr7	141751557	141751557	G	G	A	3'Flank	SNP	40	56	0.4166666666666667	True	False	False	Unknown		Unknown																					
BS_20TBZG09	GRCh38	SSBP1	ENST00000481508			chr7	141753983	141753983	G	G	T	3'Flank	SNP	44	37	0.5432098765432098	True	False	False	Unknown		Unknown																					
BS_20TBZG09	GRCh38	SSBP1	ENST00000481508			chr7	141754522	141754522	G	G	A	3'Flank	SNP	16	53	0.2318840579710145	True	False	False	Unknown		Unknown																					
BS_20TBZG09	GRCh38	SSBP1	ENST00000481508			chr7	141754915	141754915	T	T	C	3'Flank	SNP	34	41	0.4533333333333333	True	False	False	Unknown		Unknown																					
BS_20TBZG09	GRCh38	SSBP1	ENST00000481508			chr7	141755325	141755325	G	G	T	3'Flank	SNP	30	34	0.46875	True	False	False	Unknown		Unknown																					
BS_20TBZG09	GRCh38	SSBP1	ENST00000465582			chr7	141757847	141757847	G	G	A	Intron	SNP	5	62	0.07462686567164178	True	False	False	Unknown		Unknown																					
BS_20TBZG09	GRCh38	SSBP1	ENST00000465582			chr7	141771074	141771074	G	G	T	Intron	SNP	33	45	0.4230769230769231	True	False	False	Unknown		Unknown																					
BS_20TBZG09	GRCh38	POLD4	ENST00000312419			chr11	67348214	67348214	C	C	T	3'Flank	SNP	24	26	0.48	True	False	False	Unknown		Unknown																					
BS_20TBZG09	GRCh38	POLD4	ENST00000312419			chr11	67348475	67348475	A	A	G	3'Flank	SNP	6	78	0.07142857142857142	True	False	False	Unknown		Unknown																					
BS_20TBZG09	GRCh38	POLD4	ENST00000312419			chr11	67351175	67351175	G	G	T	3'Flank	SNP	6	97	0.05825242718446602	True	False	False	Unknown		Unknown																					
BS_20TBZG09	GRCh38	POLD4	ENST00000312419			chr11	67351443	67351443	G	G	T	3'Flank	SNP	9	56	0.13846153846153847	True	False	False	Unknown		Unknown																					
BS_20TBZG09	GRCh38	POLD4	ENST00000312419			chr11	67351929	67351929	G	G	A	3'UTR	SNP	22	36	0.3793103448275862	True	False	False	Unknown		Unknown																					
BS_20TBZG09	GRCh38	POLD4	ENST00000312419			chr11	67356420	67356420	T	T	A	5'Flank	SNP	31	44	0.41333333333333333	True	False	False	Unknown		Unknown																					
BS_20TBZG09	GRCh38	POLD3	ENST00000528481			chr11	74504364	74504364	C	C	T	Intron	SNP	4	52	0.07142857142857142	True	False	False	Unknown		Unknown																					
BS_20TBZG09	GRCh38	POLD3	ENST00000528481			chr11	74505048	74505048	G	G	A	Intron	SNP	26	26	0.5	True	False	False	Unknown		Unknown																					
BS_20TBZG09	GRCh38	POLD3	ENST00000528481			chr11	74505231	74505231	G	G	A	Intron	SNP	32	42	0.43243243243243246	True	False	False	Unknown		Unknown																					
BS_20TBZG09	GRCh38	POLD3	ENST00000528481			chr11	74507926	74507926	C	C	T	Intron	SNP	17	31	0.3541666666666667	True	False	False	Unknown		Unknown																					
BS_20TBZG09	GRCh38	POLD3	ENST00000528481			chr11	74511182	74511182	G	G	A	Intron	SNP	6	67	0.0821917808219178	True	False	False	Unknown		Unknown																					
BS_20TBZG09	GRCh38	POLD3	ENST00000528481			chr11	74511460	74511460	G	G	T	Intron	SNP	8	81	0.0898876404494382	True	False	False	Unknown		Unknown																					
BS_20TBZG09	GRCh38	POLD3	ENST00000528481			chr11	74513301	74513301	C	C	T	Intron	SNP	32	34	0.48484848484848486	True	False	False	Unknown		Unknown																					
BS_20TBZG09	GRCh38	POLD3	ENST00000528481			chr11	74513834	74513834	T	T	C	Intron	SNP	8	71	0.10126582278481013	True	False	False	Unknown		Unknown																					
BS_20TBZG09	GRCh38	POLD3	ENST00000528481			chr11	74516806	74516806	G	G	A	Intron	SNP	26	42	0.38235294117647056	True	False	False	Unknown		Unknown																					
BS_20TBZG09	GRCh38	POLD3	ENST00000528481			chr11	74520049	74520049	G	G	T	Intron	SNP	7	49	0.125	True	False	False	Unknown		Unknown																					
BS_20TBZG09	GRCh38	POLD3	ENST00000528481			chr11	74526647	74526647	C	C	A	Intron	SNP	14	43	0.24561403508771928	True	False	False	Unknown		Unknown																					
BS_20TBZG09	GRCh38	POLD3	ENST00000528481			chr11	74526827	74526827	A	A	C	Intron	SNP	29	30	0.4915254237288136	True	False	False	Unknown		Unknown																					
BS_20TBZG09	GRCh38	POLD3	ENST00000528481			chr11	74532017	74532017	G	G	T	Intron	SNP	4	47	0.0784313725490196	True	False	False	Unknown		Unknown																					
BS_20TBZG09	GRCh38	POLD3	ENST00000528481			chr11	74533239	74533239	G	G	A	Intron	SNP	49	45	0.5212765957446809	True	False	False	Unknown		Unknown																					
BS_20TBZG09	GRCh38	POLD3	ENST00000528481			chr11	74533304	74533304	T	T	-	Intron	DEL	10	83	0.10752688172043011	True	False	False	Unknown		Unknown																					
BS_20TBZG09	GRCh38	POLD3	ENST00000528481			chr11	74540163	74540163	C	C	T	Intron	SNP	26	55	0.32098765432098764	True	False	False	Unknown		Unknown																					
BS_20TBZG09	GRCh38	POLD3	ENST00000528481			chr11	74544279	74544279	G	G	A	Intron	SNP	4	61	0.06153846153846154	True	False	False	Unknown		Unknown																					
BS_20TBZG09	GRCh38	POLD3	ENST00000528481			chr11	74548002	74548002	G	G	A	Intron	SNP	18	43	0.29508196721311475	True	False	False	Unknown		Unknown																					
BS_20TBZG09	GRCh38	POLD3	ENST00000528481			chr11	74548571	74548571	G	G	T	Intron	SNP	13	53	0.19696969696969696	True	False	False	Unknown		Unknown																					
BS_20TBZG09	GRCh38	POLD3	ENST00000528481			chr11	74549559	74549559	C	C	A	Intron	SNP	30	37	0.44776119402985076	True	False	False	Unknown		Unknown																					
BS_20TBZG09	GRCh38	POLD3	ENST00000528481			chr11	74555542	74555542	C	C	T	Intron	SNP	33	46	0.4177215189873418	True	False	False	Unknown		Unknown																					
BS_20TBZG09	GRCh38	POLD3	ENST00000528481			chr11	74558178	74558178	C	C	T	Intron	SNP	38	40	0.48717948717948717	True	False	False	Unknown		Unknown																					
BS_20TBZG09	GRCh38	POLD3	ENST00000528481			chr11	74559304	74559304	C	C	T	Intron	SNP	29	33	0.46774193548387094	True	False	False	Unknown		Unknown																					
BS_20TBZG09	GRCh38	POLD3	ENST00000528481			chr11	74559407	74559407	C	C	T	Intron	SNP	34	25	0.576271186440678	True	False	False	Unknown		Unknown																					
BS_20TBZG09	GRCh38	POLD3	ENST00000528481			chr11	74560480	74560480	C	C	T	Intron	SNP	27	41	0.39705882352941174	True	False	False	Unknown		Unknown																					
BS_20TBZG09	GRCh38	POLD3	ENST00000528481			chr11	74565019	74565019	G	G	T	Intron	SNP	33	46	0.4177215189873418	True	False	False	Unknown		Unknown																					
BS_20TBZG09	GRCh38	POLD3	ENST00000528481			chr11	74572505	74572505	C	C	T	Intron	SNP	4	47	0.0784313725490196	True	False	False	Unknown		Unknown																					
BS_20TBZG09	GRCh38	POLD3	ENST00000528481			chr11	74576707	74576707	T	T	G	Intron	SNP	33	35	0.4852941176470588	True	False	False	Unknown		Unknown																					
BS_20TBZG09	GRCh38	POLD3	ENST00000528481			chr11	74577025	74577025	G	G	A	Intron	SNP	22	41	0.3492063492063492	True	False	False	Unknown		Unknown																					
BS_20TBZG09	GRCh38	POLD3	ENST00000528481			chr11	74579256	74579256	G	G	T	Intron	SNP	6	60	0.09090909090909091	True	False	False	Unknown		Unknown																					
BS_20TBZG09	GRCh38	POLD3	ENST00000528481			chr11	74582141	74582141	G	G	A	Intron	SNP	24	49	0.3287671232876712	True	False	False	Unknown		Unknown																					
BS_20TBZG09	GRCh38	POLD3	ENST00000528481			chr11	74584492	74584492	G	G	A	Intron	SNP	8	45	0.1509433962264151	True	False	False	Unknown		Unknown																					
BS_20TBZG09	GRCh38	POLD3	ENST00000528481			chr11	74585118	74585118	G	G	A	Intron	SNP	5	49	0.09259259259259259	True	False	False	Unknown		Unknown																					
BS_20TBZG09	GRCh38	POLD3	ENST00000528481			chr11	74586456	74586456	G	G	T	Intron	SNP	24	42	0.36363636363636365	True	False	False	Unknown		Unknown																					
BS_20TBZG09	GRCh38	POLD3	ENST00000263681			chr11	74589368	74589368	C	C	T	5'Flank	SNP	29	32	0.47540983606557374	True	False	False	Unknown		Unknown																					
BS_20TBZG09	GRCh38	POLD3	ENST00000263681			chr11	74590491	74590491	A	A	G	5'Flank	SNP	44	34	0.5641025641025641	True	False	False	Unknown		Unknown																					
BS_20TBZG09	GRCh38	POLD3	ENST00000263681			chr11	74591040	74591040	G	G	T	5'Flank	SNP	28	39	0.417910447761194	True	False	False	Unknown		Unknown																					
BS_20TBZG09	GRCh38	POLD3	ENST00000263681			chr11	74591666	74591666	G	G	A	5'Flank	SNP	22	57	0.27848101265822783	True	False	False	Unknown		Unknown																					
BS_20TBZG09	GRCh38	POLD3	ENST00000263681			chr11	74594215	74594215	C	C	A	Intron	SNP	16	29	0.35555555555555557	True	False	False	Unknown		Unknown																					
BS_20TBZG09	GRCh38	POLD3	ENST00000263681			chr11	74597850	74597850	G	G	T	Intron	SNP	17	69	0.19767441860465115	True	False	False	Unknown		Unknown																					
BS_20TBZG09	GRCh38	POLD3	ENST00000263681			chr11	74602018	74602018	A	A	C	Intron	SNP	26	52	0.3333333333333333	True	False	False	Unknown		Unknown																					
BS_20TBZG09	GRCh38	POLD3	ENST00000263681			chr11	74604037	74604037	C	C	T	Intron	SNP	26	34	0.43333333333333335	True	False	False	Unknown		Unknown																					
BS_20TBZG09	GRCh38	POLD3	ENST00000263681			chr11	74604976	74604976	A	A	G	Intron	SNP	23	48	0.323943661971831	True	False	False	Unknown		Unknown																					
BS_20TBZG09	GRCh38	POLD3	ENST00000263681			chr11	74605859	74605859	G	G	T	Intron	SNP	3	40	0.06976744186046512	True	False	False	Unknown		Unknown																					
BS_20TBZG09	GRCh38	POLD3	ENST00000263681			chr11	74606315	74606315	G	G	T	Intron	SNP	20	50	0.2857142857142857	True	False	False	Unknown		Unknown																					
BS_20TBZG09	GRCh38	POLD3	ENST00000263681			chr11	74612391	74612391	G	G	A	Intron	SNP	6	53	0.1016949152542373	True	False	False	Unknown		Unknown																					
BS_20TBZG09	GRCh38	POLD3	ENST00000263681			chr11	74616086	74616086	G	G	T	Intron	SNP	30	42	0.4166666666666667	True	False	False	Unknown		Unknown																					
BS_20TBZG09	GRCh38	POLD3	ENST00000263681			chr11	74625666	74625666	G	G	T	Intron	SNP	9	70	0.11392405063291139	True	False	False	Unknown		Unknown																					
BS_20TBZG09	GRCh38	POLD3	ENST00000263681			chr11	74628598	74628598	G	G	A	Intron	SNP	21	49	0.3	True	False	False	Unknown		Unknown																					
BS_20TBZG09	GRCh38	POLD3	ENST00000263681			chr11	74633183	74633183	C	C	T	Intron	SNP	4	57	0.06557377049180328	True	False	False	Unknown		Unknown																					
BS_20TBZG09	GRCh38	POLD3	ENST00000263681			chr11	74636354	74636354	G	G	T	Intron	SNP	28	35	0.4444444444444444	True	False	False	Unknown		Unknown																					
BS_20TBZG09	GRCh38	POLD3	ENST00000263681			chr11	74643332	74643332	C	C	T	3'Flank	SNP	28	37	0.4307692307692308	True	False	False	Unknown		Unknown																					
BS_20TBZG09	GRCh38	POLD3	ENST00000263681			chr11	74643909	74643909	C	C	T	3'Flank	SNP	27	50	0.35064935064935066	True	False	False	Unknown		Unknown																					
BS_20TBZG09	GRCh38	POLD3	ENST00000263681			chr11	74644449	74644449	C	C	T	3'Flank	SNP	26	36	0.41935483870967744	True	False	False	Unknown		Unknown																					
BS_20TBZG09	GRCh38	POLD3	ENST00000263681			chr11	74645373	74645373	G	G	T	3'Flank	SNP	4	58	0.06451612903225806	True	False	False	Unknown		Unknown																					
BS_20TBZG09	GRCh38	POLD3	ENST00000263681			chr11	74647989	74647989	G	G	A	3'Flank	SNP	31	49	0.3875	True	False	False	Unknown		Unknown																					
BS_20TBZG09	GRCh38	POLD3	ENST00000524752			chr11	74661811	74661811	C	C	A	Intron	SNP	4	39	0.09302325581395349	True	False	False	Unknown		Unknown																					
BS_20TBZG09	GRCh38	POLD3	ENST00000524752			chr11	74666902	74666902	C	C	T	Intron	SNP	13	45	0.22413793103448276	True	False	False	Unknown		Unknown																					
BS_20TBZG09	GRCh38	POLD3	ENST00000524752			chr11	74667115	74667115	G	G	T	Intron	SNP	4	40	0.09090909090909091	True	False	False	Unknown		Unknown																					
BS_20TBZG09	GRCh38	POLD3	ENST00000524752			chr11	74667851	74667851	G	G	T	Intron	SNP	32	56	0.36363636363636365	True	False	False	Unknown		Unknown																					
BS_20TBZG09	GRCh38	POLD3	ENST00000524752			chr11	74672454	74672454	G	G	T	3'Flank	SNP	9	71	0.1125	True	False	False	Unknown		Unknown																					
BS_20TBZG09	GRCh38	RFC5	ENST00000449641			chr12	118010049	118010049	G	G	T	5'Flank	SNP	29	33	0.46774193548387094	True	False	False	Unknown		Unknown																					
BS_20TBZG09	GRCh38	RFC5	ENST00000454402			chr12	118013752	118013752	G	G	A	5'Flank	SNP	6	83	0.06741573033707865	True	False	False	Unknown		Unknown																					
BS_20TBZG09	GRCh38	RFC5	ENST00000454402			chr12	118019479	118019479	G	G	A	Intron	SNP	36	32	0.5294117647058824	True	False	False	Unknown		Unknown																					
BS_20TBZG09	GRCh38	RFC5	ENST00000454402			chr12	118023260	118023260	G	G	A	Intron	SNP	24	30	0.4444444444444444	True	False	False	Unknown		Unknown																					
BS_20TBZG09	GRCh38	RFC5	ENST00000454402			chr12	118023634	118023634	T	T	C	Intron	SNP	17	47	0.265625	True	False	False	Unknown		Unknown																					
BS_20TBZG09	GRCh38	RFC5	ENST00000454402	p.N224D	p.Asn224Asp	chr12	118026895	118026895	A	A	G	Missense_Mutation	SNP	5	72	0.06493506493506493	True	False	False	Unknown		Unknown																					
BS_20TBZG09	GRCh38	RFC5	ENST00000454402			chr12	118029158	118029158	G	G	A	Intron	SNP	4	52	0.07142857142857142	True	False	False	Unknown		Unknown																					
BS_20TBZG09	GRCh38	RFC5	ENST00000454402			chr12	118031983	118031983	C	C	A	3'Flank	SNP	3	48	0.058823529411764705	True	False	False	Unknown		Unknown																					
BS_20TBZG09	GRCh38	POLE	ENST00000320574			chr12	132622980	132622980	G	G	T	3'Flank	SNP	30	61	0.32967032967032966	True	True	False	Unknown		Unknown																					
BS_20TBZG09	GRCh38	POLE	ENST00000320574			chr12	132627733	132627733	T	T	C	Intron	SNP	34	53	0.39080459770114945	True	True	False	Unknown		Unknown																					
BS_20TBZG09	GRCh38	POLE	ENST00000320574			chr12	132627775	132627775	C	C	T	Intron	SNP	43	38	0.5308641975308642	True	True	False	Unknown		Unknown																					
BS_20TBZG09	GRCh38	POLE	ENST00000320574			chr12	132628082	132628082	G	G	A	Intron	SNP	4	52	0.07142857142857142	True	True	False	Unknown		Unknown																					
BS_20TBZG09	GRCh38	POLE	ENST00000320574			chr12	132628732	132628732	T	T	C	Intron	SNP	44	56	0.44	True	True	False	Unknown		Unknown																					
BS_20TBZG09	GRCh38	POLE	ENST00000320574			chr12	132629334	132629334	G	G	T	Intron	SNP	40	36	0.5263157894736842	True	True	False	Unknown		Unknown																					
BS_20TBZG09	GRCh38	POLE	ENST00000320574			chr12	132631465	132631465	G	G	T	Intron	SNP	26	52	0.3333333333333333	True	True	False	Unknown		Unknown																					
BS_20TBZG09	GRCh38	POLE	ENST00000320574			chr12	132631828	132631828	G	G	A	Intron	SNP	9	66	0.12	True	True	False	Unknown		Unknown																					
BS_20TBZG09	GRCh38	POLE	ENST00000320574			chr12	132634949	132634949	G	G	A	Intron	SNP	6	70	0.07894736842105263	True	True	False	Unknown		Unknown																					
BS_20TBZG09	GRCh38	POLE	ENST00000320574	p.R1634H	p.Arg1634His	chr12	132642557	132642557	C	C	T	Missense_Mutation	SNP	36	57	0.3870967741935484	True	True	False	Unknown		Unknown																					
BS_20TBZG09	GRCh38	POLE	ENST00000320574	p.L1526I	p.Leu1526Ile	chr12	132642972	132642972	G	G	T	Missense_Mutation	SNP	8	83	0.08791208791208792	True	True	False	Unknown		Unknown																					
BS_20TBZG09	GRCh38	POLE	ENST00000320574			chr12	132647082	132647082	G	G	A	Intron	SNP	37	53	0.4111111111111111	True	True	False	Unknown		Unknown																					
BS_20TBZG09	GRCh38	POLE	ENST00000320574			chr12	132648807	132648807	G	G	T	Intron	SNP	30	39	0.43478260869565216	True	True	False	Unknown		Unknown																					
BS_20TBZG09	GRCh38	POLE	ENST00000320574			chr12	132650444	132650444	G	G	A	Intron	SNP	16	39	0.2909090909090909	True	True	False	Unknown		Unknown																					
BS_20TBZG09	GRCh38	POLE	ENST00000320574			chr12	132654600	132654600	G	G	T	Intron	SNP	36	45	0.4444444444444444	True	True	False	Unknown		Unknown																					
BS_20TBZG09	GRCh38	POLE	ENST00000320574			chr12	132658546	132658546	G	G	T	Intron	SNP	9	78	0.10344827586206896	True	True	False	Unknown		Unknown																					
BS_20TBZG09	GRCh38	POLE	ENST00000320574			chr12	132663089	132663089	G	G	T	Intron	SNP	39	33	0.5416666666666666	True	True	False	Unknown		Unknown																					
BS_20TBZG09	GRCh38	POLE	ENST00000320574	p.C866=	p.Cys866=	chr12	132664112	132664112	G	G	A	Silent	SNP	51	16	0.7611940298507462	True	True	False	Unknown		Unknown																					
BS_20TBZG09	GRCh38	POLE	ENST00000320574			chr12	132666357	132666357	G	G	A	Intron	SNP	41	42	0.4939759036144578	True	True	False	Unknown		Unknown																					
BS_20TBZG09	GRCh38	POLE	ENST00000320574			chr12	132667288	132667288	C	C	T	Intron	SNP	34	48	0.4146341463414634	True	True	False	Unknown		Unknown																					
BS_20TBZG09	GRCh38	POLE	ENST00000320574			chr12	132668287	132668287	G	G	T	Intron	SNP	31	46	0.4025974025974026	True	True	False	Unknown		Unknown																					
BS_20TBZG09	GRCh38	POLE	ENST00000320574			chr12	132670360	132670360	G	G	T	Intron	SNP	5	45	0.1	True	True	False	Unknown		Unknown																					
BS_20TBZG09	GRCh38	POLE	ENST00000320574			chr12	132674428	132674428	G	G	A	Intron	SNP	6	59	0.09230769230769231	True	True	False	Unknown		Unknown																					
BS_20TBZG09	GRCh38	POLE	ENST00000320574			chr12	132675935	132675935	G	G	A	Intron	SNP	25	32	0.43859649122807015	True	True	False	Unknown		Unknown																					
BS_20TBZG09	GRCh38	POLE	ENST00000320574	p.S297F	p.Ser297Phe	chr12	132676565	132676565	G	G	A	Missense_Mutation	SNP	24	45	0.34782608695652173	True	True	True	Likely Loss-of-function	24472300;25228659	Likely Oncogenic																					
BS_20TBZG09	GRCh38	POLE	ENST00000320574			chr12	132678221	132678221	G	G	A	Intron	SNP	23	28	0.45098039215686275	True	True	False	Unknown		Unknown																					
BS_20TBZG09	GRCh38	POLE	ENST00000320574			chr12	132681383	132681383	G	G	A	Intron	SNP	28	36	0.4375	True	True	False	Unknown		Unknown																					
BS_20TBZG09	GRCh38	POLE	ENST00000320574			chr12	132685485	132685485	G	G	T	Intron	SNP	4	55	0.06779661016949153	True	True	False	Unknown		Unknown																					
BS_20TBZG09	GRCh38	POLE	ENST00000320574			chr12	132685937	132685937	G	G	A	Intron	SNP	6	86	0.06521739130434782	True	True	False	Unknown		Unknown																					
BS_20TBZG09	GRCh38	POLE	ENST00000320574			chr12	132686289	132686289	G	G	A	Intron	SNP	26	44	0.37142857142857144	True	True	False	Unknown		Unknown																					
BS_20TBZG09	GRCh38	RFC3	ENST00000380071			chr13	33820219	33820219	G	G	A	Intron	SNP	10	55	0.15384615384615385	True	False	False	Unknown		Unknown																					
BS_20TBZG09	GRCh38	RFC3	ENST00000380071			chr13	33830872	33830872	G	G	T	Intron	SNP	23	33	0.4107142857142857	True	False	False	Unknown		Unknown																					
BS_20TBZG09	GRCh38	RFC3	ENST00000380071			chr13	33837185	33837185	G	G	A	3'UTR	SNP	3	38	0.07317073170731707	True	False	False	Unknown		Unknown																					
BS_20TBZG09	GRCh38	RFC3	ENST00000380071			chr13	33837877	33837877	C	C	T	3'Flank	SNP	20	43	0.31746031746031744	True	False	False	Unknown		Unknown																					
BS_20TBZG09	GRCh38	RFC3	ENST00000434425			chr13	33856673	33856673	G	G	T	Intron	SNP	12	49	0.19672131147540983	True	False	False	Unknown		Unknown																					
BS_20TBZG09	GRCh38	RFC3	ENST00000434425			chr13	33862004	33862004	G	G	T	Intron	SNP	17	41	0.29310344827586204	True	False	False	Unknown		Unknown																					
BS_20TBZG09	GRCh38	RFC3	ENST00000434425			chr13	33862112	33862112	T	T	C	Intron	SNP	6	40	0.13043478260869565	True	False	False	Unknown		Unknown																					
BS_20TBZG09	GRCh38	RFC3	ENST00000434425			chr13	33866985	33866985	G	G	T	Intron	SNP	33	54	0.3793103448275862	True	False	False	Unknown		Unknown																					
BS_20TBZG09	GRCh38	RFC3	ENST00000434425			chr13	33867059	33867059	G	G	A	Intron	SNP	35	45	0.4375	True	False	False	Unknown		Unknown																					
BS_20TBZG09	GRCh38	RFC3	ENST00000434425			chr13	33867299	33867299	T	T	C	Intron	SNP	19	54	0.2602739726027397	True	False	False	Unknown		Unknown																					
BS_20TBZG09	GRCh38	RFC3	ENST00000434425			chr13	33869922	33869922	C	C	A	Intron	SNP	25	49	0.33783783783783783	True	False	False	Unknown		Unknown																					
BS_20TBZG09	GRCh38	RFC3	ENST00000434425			chr13	33870462	33870462	G	G	T	Intron	SNP	45	48	0.4838709677419355	True	False	False	Unknown		Unknown																					
BS_20TBZG09	GRCh38	RFC3	ENST00000434425			chr13	33884945	33884945	G	G	T	Intron	SNP	4	49	0.07547169811320754	True	False	False	Unknown		Unknown																					
BS_20TBZG09	GRCh38	RFC3	ENST00000434425			chr13	33886285	33886285	G	G	A	Intron	SNP	29	40	0.42028985507246375	True	False	False	Unknown		Unknown																					
BS_20TBZG09	GRCh38	RFC3	ENST00000434425			chr13	33896100	33896100	G	G	A	Intron	SNP	18	38	0.32142857142857145	True	False	False	Unknown		Unknown																					
BS_20TBZG09	GRCh38	RFC3	ENST00000434425			chr13	33897006	33897006	G	G	A	Intron	SNP	38	36	0.5135135135135135	True	False	False	Unknown		Unknown																					
BS_20TBZG09	GRCh38	RFC3	ENST00000434425			chr13	33902081	33902081	G	G	A	Intron	SNP	37	54	0.4065934065934066	True	False	False	Unknown		Unknown																					
BS_20TBZG09	GRCh38	RFC3	ENST00000434425			chr13	33907718	33907718	G	G	T	Intron	SNP	29	33	0.46774193548387094	True	False	False	Unknown		Unknown																					
BS_20TBZG09	GRCh38	RFC3	ENST00000434425			chr13	33909734	33909734	G	G	T	Intron	SNP	34	34	0.5	True	False	False	Unknown		Unknown																					
BS_20TBZG09	GRCh38	RFC3	ENST00000434425			chr13	33911146	33911146	T	T	C	Intron	SNP	26	37	0.4126984126984127	True	False	False	Unknown		Unknown																					
BS_20TBZG09	GRCh38	RFC3	ENST00000434425			chr13	33913342	33913342	G	G	A	Intron	SNP	24	33	0.42105263157894735	True	False	False	Unknown		Unknown																					
BS_20TBZG09	GRCh38	RFC3	ENST00000434425			chr13	33913496	33913496	G	G	T	Intron	SNP	29	38	0.43283582089552236	True	False	False	Unknown		Unknown																					
BS_20TBZG09	GRCh38	RFC3	ENST00000434425			chr13	33916211	33916211	T	T	C	Intron	SNP	27	40	0.40298507462686567	True	False	False	Unknown		Unknown																					
BS_20TBZG09	GRCh38	RFC3	ENST00000434425			chr13	33933965	33933965	G	G	T	Intron	SNP	6	55	0.09836065573770492	True	False	False	Unknown		Unknown																					
BS_20TBZG09	GRCh38	RFC3	ENST00000434425			chr13	33937145	33937145	G	G	A	Intron	SNP	36	41	0.4675324675324675	True	False	False	Unknown		Unknown																					
BS_20TBZG09	GRCh38	RFC3	ENST00000434425			chr13	33942772	33942772	G	G	A	Intron	SNP	25	29	0.46296296296296297	True	False	False	Unknown		Unknown																					
BS_20TBZG09	GRCh38	RFC3	ENST00000434425			chr13	33955226	33955226	G	G	A	Intron	SNP	5	60	0.07692307692307693	True	False	False	Unknown		Unknown																					
BS_20TBZG09	GRCh38	RFC3	ENST00000434425			chr13	33957454	33957454	G	G	T	Intron	SNP	20	47	0.29850746268656714	True	False	False	Unknown		Unknown																					
BS_20TBZG09	GRCh38	RFC3	ENST00000434425			chr13	33959094	33959094	G	G	A	Intron	SNP	30	44	0.40540540540540543	True	False	False	Unknown		Unknown																					
BS_20TBZG09	GRCh38	RFC3	ENST00000434425			chr13	33965724	33965724	G	G	T	Intron	SNP	23	23	0.5	True	False	False	Unknown		Unknown																					
BS_20TBZG09	GRCh38	RFC3	ENST00000434425	p.C295=	p.Cys295=	chr13	33966092	33966092	T	T	C	Silent	SNP	6	57	0.09523809523809523	True	False	False	Unknown		Unknown																					
BS_20TBZG09	GRCh38	RFC3	ENST00000434425			chr13	33968508	33968508	G	G	T	3'Flank	SNP	42	47	0.47191011235955055	True	False	False	Unknown		Unknown																					
BS_20TBZG09	GRCh38	RFC3	ENST00000434425			chr13	33971056	33971056	A	A	C	3'Flank	SNP	6	69	0.08	True	False	False	Unknown		Unknown																					
BS_20TBZG09	GRCh38	MLH3	ENST00000355774			chr14	75019018	75019018	A	A	G	Intron	SNP	29	37	0.4393939393939394	True	False	False	Unknown		Unknown																					
BS_20TBZG09	GRCh38	MLH3	ENST00000355774			chr14	75020119	75020119	T	T	C	Intron	SNP	4	41	0.08888888888888889	True	False	False	Unknown		Unknown																					
BS_20TBZG09	GRCh38	MLH3	ENST00000355774			chr14	75021169	75021169	G	G	A	Intron	SNP	25	51	0.32894736842105265	True	False	False	Unknown		Unknown																					
BS_20TBZG09	GRCh38	MLH3	ENST00000355774			chr14	75022408	75022408	C	C	A	Intron	SNP	23	39	0.3709677419354839	True	False	False	Unknown		Unknown																					
BS_20TBZG09	GRCh38	MLH3	ENST00000355774			chr14	75027462	75027462	G	G	A	Intron	SNP	22	28	0.44	True	False	False	Unknown		Unknown																					
BS_20TBZG09	GRCh38	MLH3	ENST00000355774			chr14	75033286	75033286	G	G	A	Intron	SNP	35	51	0.4069767441860465	True	False	False	Unknown		Unknown																					
BS_20TBZG09	GRCh38	MLH3	ENST00000355774			chr14	75036714	75036714	A	A	C	Intron	SNP	3	47	0.06	True	False	False	Unknown		Unknown																					
BS_20TBZG09	GRCh38	MLH3	ENST00000355774			chr14	75044084	75044084	C	C	T	Intron	SNP	28	33	0.45901639344262296	True	False	False	Unknown		Unknown																					
BS_20TBZG09	GRCh38	MLH3	ENST00000355774			chr14	75046039	75046039	G	G	A	Intron	SNP	22	31	0.41509433962264153	True	False	False	Unknown		Unknown																					
BS_20TBZG09	GRCh38	RPA1	ENST00000254719			chr17	1831851	1831851	G	G	A	Intron	SNP	28	38	0.42424242424242425	True	False	False	Unknown		Unknown																					
BS_20TBZG09	GRCh38	RPA1	ENST00000254719			chr17	1833667	1833667	C	C	A	Intron	SNP	6	73	0.0759493670886076	True	False	False	Unknown		Unknown																					
BS_20TBZG09	GRCh38	RPA1	ENST00000254719			chr17	1834304	1834304	G	G	A	Intron	SNP	6	77	0.07228915662650602	True	False	False	Unknown		Unknown																					
BS_20TBZG09	GRCh38	RPA1	ENST00000254719			chr17	1837154	1837154	C	C	T	Intron	SNP	27	43	0.38571428571428573	True	False	False	Unknown		Unknown																					
BS_20TBZG09	GRCh38	RPA1	ENST00000254719			chr17	1839133	1839133	G	G	A	Intron	SNP	4	45	0.08163265306122448	True	False	False	Unknown		Unknown																					
BS_20TBZG09	GRCh38	RPA1	ENST00000254719			chr17	1841719	1841719	G	G	T	Intron	SNP	40	29	0.5797101449275363	True	False	False	Unknown		Unknown																					
BS_20TBZG09	GRCh38	RPA1	ENST00000254719			chr17	1842550	1842550	C	C	A	Intron	SNP	27	42	0.391304347826087	True	False	False	Unknown		Unknown																					
BS_20TBZG09	GRCh38	RPA1	ENST00000254719			chr17	1843819	1843819	G	G	A	Intron	SNP	17	32	0.3469387755102041	True	False	False	Unknown		Unknown																					
BS_20TBZG09	GRCh38	RPA1	ENST00000254719			chr17	1845824	1845824	C	C	T	Intron	SNP	6	46	0.11538461538461539	True	False	False	Unknown		Unknown																					
BS_20TBZG09	GRCh38	RPA1	ENST00000254719			chr17	1846519	1846519	A	A	C	Intron	SNP	8	70	0.10256410256410256	True	False	False	Unknown		Unknown																					
BS_20TBZG09	GRCh38	RPA1	ENST00000254719			chr17	1849142	1849142	G	G	T	Intron	SNP	32	43	0.4266666666666667	True	False	False	Unknown		Unknown																					
BS_20TBZG09	GRCh38	RPA1	ENST00000254719			chr17	1849315	1849315	C	C	T	Intron	SNP	23	32	0.41818181818181815	True	False	False	Unknown		Unknown																					
BS_20TBZG09	GRCh38	RPA1	ENST00000254719			chr17	1849911	1849911	C	C	T	Intron	SNP	29	55	0.34523809523809523	True	False	False	Unknown		Unknown																					
BS_20TBZG09	GRCh38	RPA1	ENST00000254719			chr17	1850033	1850033	G	G	A	Intron	SNP	37	42	0.46835443037974683	True	False	False	Unknown		Unknown																					
BS_20TBZG09	GRCh38	RPA1	ENST00000254719			chr17	1850082	1850082	G	G	T	Intron	SNP	28	69	0.28865979381443296	True	False	False	Unknown		Unknown																					
BS_20TBZG09	GRCh38	RPA1	ENST00000254719			chr17	1852493	1852493	G	G	T	Intron	SNP	37	40	0.4805194805194805	True	False	False	Unknown		Unknown																					
BS_20TBZG09	GRCh38	RPA1	ENST00000254719			chr17	1854907	1854907	C	C	A	Intron	SNP	23	46	0.3333333333333333	True	False	False	Unknown		Unknown																					
BS_20TBZG09	GRCh38	RPA1	ENST00000254719			chr17	1856269	1856269	C	C	A	Intron	SNP	31	34	0.47692307692307695	True	False	False	Unknown		Unknown																					
BS_20TBZG09	GRCh38	RPA1	ENST00000254719			chr17	1861473	1861473	G	G	A	Intron	SNP	4	56	0.06666666666666667	True	False	False	Unknown		Unknown																					
BS_20TBZG09	GRCh38	RPA1	ENST00000254719			chr17	1861518	1861518	A	A	G	Intron	SNP	26	45	0.36619718309859156	True	False	False	Unknown		Unknown																					
BS_20TBZG09	GRCh38	RPA1	ENST00000254719			chr17	1861820	1861820	C	C	T	Intron	SNP	24	49	0.3287671232876712	True	False	False	Unknown		Unknown																					
BS_20TBZG09	GRCh38	RPA1	ENST00000254719			chr17	1863423	1863423	G	G	A	Intron	SNP	35	44	0.4430379746835443	True	False	False	Unknown		Unknown																					
BS_20TBZG09	GRCh38	RPA1	ENST00000254719			chr17	1863810	1863810	T	T	-	Intron	DEL	4	63	0.05970149253731343	True	False	False	Unknown		Unknown																					
BS_20TBZG09	GRCh38	RPA1	ENST00000254719			chr17	1865942	1865942	T	T	-	Intron	DEL	42	43	0.49411764705882355	True	False	False	Unknown		Unknown																					
BS_20TBZG09	GRCh38	RPA1	ENST00000254719			chr17	1871299	1871299	C	C	A	Intron	SNP	8	72	0.1	True	False	False	Unknown		Unknown																					
BS_20TBZG09	GRCh38	RPA1	ENST00000254719			chr17	1871674	1871674	C	C	T	Intron	SNP	3	45	0.0625	True	False	False	Unknown		Unknown																					
BS_20TBZG09	GRCh38	RPA1	ENST00000254719			chr17	1872886	1872886	C	C	T	Intron	SNP	19	41	0.31666666666666665	True	False	False	Unknown		Unknown																					
BS_20TBZG09	GRCh38	RPA1	ENST00000254719			chr17	1873740	1873740	G	G	T	Intron	SNP	21	41	0.3387096774193548	True	False	False	Unknown		Unknown																					
BS_20TBZG09	GRCh38	RPA1	ENST00000254719			chr17	1875127	1875127	C	C	T	Intron	SNP	21	48	0.30434782608695654	True	False	False	Unknown		Unknown																					
BS_20TBZG09	GRCh38	RPA1	ENST00000254719			chr17	1875212	1875212	C	C	T	Intron	SNP	26	41	0.3880597014925373	True	False	False	Unknown		Unknown																					
BS_20TBZG09	GRCh38	RPA1	ENST00000254719			chr17	1876428	1876428	G	G	A	Intron	SNP	27	34	0.4426229508196721	True	False	False	Unknown		Unknown																					
BS_20TBZG09	GRCh38	RPA1	ENST00000254719			chr17	1881635	1881635	C	C	A	Intron	SNP	33	37	0.4714285714285714	True	False	False	Unknown		Unknown																					
BS_20TBZG09	GRCh38	RPA1	ENST00000254719			chr17	1882577	1882577	A	A	T	Intron	SNP	32	48	0.4	True	False	False	Unknown		Unknown																					
BS_20TBZG09	GRCh38	RPA1	ENST00000254719			chr17	1883618	1883618	T	T	-	Intron	DEL	31	36	0.4626865671641791	True	False	False	Unknown		Unknown																					
BS_20TBZG09	GRCh38	RPA1	ENST00000254719			chr17	1884305	1884305	A	A	G	Intron	SNP	27	51	0.34615384615384615	True	False	False	Unknown		Unknown																					
BS_20TBZG09	GRCh38	RPA1	ENST00000254719			chr17	1888671	1888671	G	G	A	Splice_Region	SNP	26	43	0.37681159420289856	True	False	False	Unknown		Unknown																					
BS_20TBZG09	GRCh38	RPA1	ENST00000254719	p.P459=	p.Pro459=	chr17	1888677	1888677	G	G	A	Splice_Region	SNP	28	39	0.417910447761194	True	False	False	Unknown		Unknown																					
BS_20TBZG09	GRCh38	RPA1	ENST00000254719			chr17	1888961	1888961	G	G	A	Intron	SNP	6	56	0.0967741935483871	True	False	False	Unknown		Unknown																					
BS_20TBZG09	GRCh38	RPA1	ENST00000254719			chr17	1889225	1889225	G	G	T	Intron	SNP	6	55	0.09836065573770492	True	False	False	Unknown		Unknown																					
BS_20TBZG09	GRCh38	RPA1	ENST00000254719			chr17	1889631	1889631	G	G	A	Intron	SNP	31	43	0.4189189189189189	True	False	False	Unknown		Unknown																					
BS_20TBZG09	GRCh38	RPA1	ENST00000254719			chr17	1890383	1890383	C	C	T	Intron	SNP	28	28	0.5	True	False	False	Unknown		Unknown																					
BS_20TBZG09	GRCh38	RPA1	ENST00000254719			chr17	1891704	1891704	G	G	A	Intron	SNP	7	55	0.11290322580645161	True	False	False	Unknown		Unknown																					
BS_20TBZG09	GRCh38	RPA1	ENST00000254719			chr17	1893219	1893219	C	C	T	Intron	SNP	4	56	0.06666666666666667	True	False	False	Unknown		Unknown																					
BS_20TBZG09	GRCh38	RPA1	ENST00000254719			chr17	1895594	1895594	A	A	G	Intron	SNP	17	35	0.3269230769230769	True	False	False	Unknown		Unknown																					
BS_20TBZG09	GRCh38	RPA1	ENST00000254719			chr17	1896827	1896827	C	C	A	Intron	SNP	31	40	0.43661971830985913	True	False	False	Unknown		Unknown																					
BS_20TBZG09	GRCh38	RPA1	ENST00000254719			chr17	1898361	1898361	G	G	T	3'UTR	SNP	32	45	0.4155844155844156	True	False	False	Unknown		Unknown																					
BS_20TBZG09	GRCh38	RPA1	ENST00000254719			chr17	1898759	1898759	C	C	T	3'UTR	SNP	36	39	0.48	True	False	False	Unknown		Unknown																					
BS_20TBZG09	GRCh38	RPA1	ENST00000254719			chr17	1900128	1900129	-	-	AG	3'Flank	INS	5	57	0.08064516129032258	True	False	False	Unknown		Unknown																					
BS_20TBZG09	GRCh38	RPA1	ENST00000254719			chr17	1901454	1901454	G	G	A	3'Flank	SNP	33	35	0.4852941176470588	True	False	False	Unknown		Unknown																					
BS_20TBZG09	GRCh38	TP53	ENST00000269305			chr17	7664203	7664203	C	C	T	3'Flank	SNP	13	79	0.14130434782608695	True	True	False	Unknown		Unknown																					
BS_20TBZG09	GRCh38	TP53	ENST00000269305			chr17	7666171	7666171	C	C	T	3'Flank	SNP	26	46	0.3611111111111111	True	True	False	Unknown		Unknown																					
BS_20TBZG09	GRCh38	TP53	ENST00000269305			chr17	7666915	7666915	G	G	A	3'Flank	SNP	31	36	0.4626865671641791	True	True	False	Unknown		Unknown																					
BS_20TBZG09	GRCh38	TP53	ENST00000269305			chr17	7667131	7667131	C	C	A	3'Flank	SNP	34	34	0.5	True	True	False	Unknown		Unknown																					
BS_20TBZG09	GRCh38	TP53	ENST00000269305			chr17	7667737	7667737	G	G	T	3'Flank	SNP	8	68	0.10526315789473684	True	True	False	Unknown		Unknown																					
BS_20TBZG09	GRCh38	TP53	ENST00000269305			chr17	7670445	7670445	G	G	T	Intron	SNP	38	43	0.4691358024691358	True	True	False	Unknown		Unknown																					
BS_20TBZG09	GRCh38	TP53	ENST00000269305			chr17	7670918	7670918	C	C	T	Intron	SNP	4	54	0.06896551724137931	True	True	False	Unknown		Unknown																					
BS_20TBZG09	GRCh38	TP53	ENST00000269305			chr17	7673856	7673856	G	G	A	Intron	SNP	15	41	0.26785714285714285	True	True	False	Unknown		Unknown																					
BS_20TBZG09	GRCh38	TP53	ENST00000269305	p.R213*	p.Arg213Ter	chr17	7674894	7674894	G	G	A	Nonsense_Mutation	SNP	30	37	0.44776119402985076	True	True	False	Likely Loss-of-function	19336573;27759562;16007150;11753428;11900253;21467160	Likely Oncogenic																	AMLMRC,AML,TMN,CLLSLL,MDS,ET,MPN,PMF		MCL	LEVEL_Px1	25412851;25860933;22186996;18596741;25412846;25952993;23243274;24004666;20697090;19188171;24652989;21714648;25092778;24220272;24478400;29296692;22887079;25516983;22052707;8639789;7579380;28819011;24684350;26022239
BS_20TBZG09	GRCh38	TP53	ENST00000269305	p.R181C	p.Arg181Cys	chr17	7675071	7675071	G	G	A	Missense_Mutation	SNP	22	47	0.3188405797101449	True	True	True	Loss-of-function	10229196;20471942	Likely Oncogenic																	AMLMRC,AML,TMN,CLLSLL,MDS,ET,MPN,PMF		MCL	LEVEL_Px1	25412851;25860933;22186996;18596741;25412846;25952993;23243274;24004666;20697090;19188171;24652989;21714648;25092778;24220272;24478400;29296692;22887079;25516983;22052707;8639789;7579380;28819011;24684350;26022239
BS_20TBZG09	GRCh38	TP53	ENST00000269305	p.K139N	p.Lys139Asn	chr17	7675195	7675195	C	C	A	Missense_Mutation	SNP	28	40	0.4117647058823529	True	True	False	Likely Loss-of-function	8023157;11900253	Likely Oncogenic																	AMLMRC,AML,TMN,CLLSLL,MDS,ET,MPN,PMF		MCL	LEVEL_Px1	25412851;25860933;22186996;18596741;25412846;25952993;23243274;24004666;20697090;19188171;24652989;21714648;25092778;24220272;24478400;29296692;22887079;25516983;22052707;8639789;7579380;28819011;24684350;26022239
BS_20TBZG09	GRCh38	TP53	ENST00000269305			chr17	7675914	7675914	A	A	C	Intron	SNP	6	63	0.08695652173913043	True	True	False	Unknown		Unknown																					
BS_20TBZG09	GRCh38	TP53	ENST00000269305			chr17	7677392	7677392	G	G	A	Intron	SNP	31	31	0.5	True	True	False	Unknown		Unknown																					
BS_20TBZG09	GRCh38	TP53	ENST00000269305			chr17	7678824	7678824	T	T	-	Intron	DEL	41	35	0.5394736842105263	True	True	False	Unknown		Unknown																					
BS_20TBZG09	GRCh38	TP53	ENST00000269305			chr17	7679566	7679566	G	G	A	Intron	SNP	34	52	0.3953488372093023	True	True	False	Unknown		Unknown																					
BS_20TBZG09	GRCh38	TP53	ENST00000269305			chr17	7680215	7680215	G	G	A	Intron	SNP	21	66	0.2413793103448276	True	True	False	Unknown		Unknown																					
BS_20TBZG09	GRCh38	TP53	ENST00000269305			chr17	7681303	7681303	C	C	T	Intron	SNP	27	42	0.391304347826087	True	True	False	Unknown		Unknown																					
BS_20TBZG09	GRCh38	TP53	ENST00000269305			chr17	7681736	7681736	G	G	A	Intron	SNP	5	48	0.09433962264150944	True	True	False	Unknown		Unknown																					
BS_20TBZG09	GRCh38	TP53	ENST00000269305			chr17	7683593	7683593	T	T	C	Intron	SNP	29	59	0.32954545454545453	True	True	False	Unknown		Unknown																					
BS_20TBZG09	GRCh38	NF1	ENST00000358273			chr17	31101971	31101971	G	G	T	Intron	SNP	6	60	0.09090909090909091	True	True	False	Unknown		Unknown																					
BS_20TBZG09	GRCh38	NF1	ENST00000358273			chr17	31102310	31102310	A	A	T	Intron	SNP	39	43	0.47560975609756095	True	True	False	Unknown		Unknown																					
BS_20TBZG09	GRCh38	NF1	ENST00000358273			chr17	31104020	31104020	A	A	T	Intron	SNP	9	68	0.11688311688311688	True	True	False	Unknown		Unknown																					
BS_20TBZG09	GRCh38	NF1	ENST00000358273			chr17	31105911	31105911	G	G	A	Intron	SNP	38	38	0.5	True	True	False	Unknown		Unknown																					
BS_20TBZG09	GRCh38	NF1	ENST00000358273			chr17	31109847	31109847	C	C	A	Intron	SNP	10	58	0.14705882352941177	True	True	False	Unknown		Unknown																					
BS_20TBZG09	GRCh38	NF1	ENST00000358273			chr17	31111801	31111801	G	G	A	Intron	SNP	27	40	0.40298507462686567	True	True	False	Unknown		Unknown																					
BS_20TBZG09	GRCh38	NF1	ENST00000358273			chr17	31115105	31115105	C	C	A	Intron	SNP	11	69	0.1375	True	True	False	Unknown		Unknown																					
BS_20TBZG09	GRCh38	NF1	ENST00000358273			chr17	31116707	31116707	G	G	A	Intron	SNP	28	38	0.42424242424242425	True	True	False	Unknown		Unknown																					
BS_20TBZG09	GRCh38	NF1	ENST00000358273			chr17	31120728	31120728	G	G	T	Intron	SNP	21	46	0.31343283582089554	True	True	False	Unknown		Unknown																					
BS_20TBZG09	GRCh38	NF1	ENST00000358273			chr17	31125318	31125319	-	-	TA	Intron	INS	6	62	0.08823529411764706	True	True	False	Unknown		Unknown																					
BS_20TBZG09	GRCh38	NF1	ENST00000358273			chr17	31131018	31131018	G	G	A	Intron	SNP	33	45	0.4230769230769231	True	True	False	Unknown		Unknown																					
BS_20TBZG09	GRCh38	NF1	ENST00000358273			chr17	31135716	31135716	G	G	A	Intron	SNP	5	48	0.09433962264150944	True	True	False	Unknown		Unknown																					
BS_20TBZG09	GRCh38	NF1	ENST00000358273			chr17	31136068	31136068	G	G	A	Intron	SNP	7	63	0.1	True	True	False	Unknown		Unknown																					
BS_20TBZG09	GRCh38	NF1	ENST00000358273			chr17	31140613	31140613	G	G	T	Intron	SNP	9	57	0.13636363636363635	True	True	False	Unknown		Unknown																					
BS_20TBZG09	GRCh38	NF1	ENST00000358273			chr17	31143038	31143038	G	G	A	Intron	SNP	9	62	0.1267605633802817	True	True	False	Unknown		Unknown																					
BS_20TBZG09	GRCh38	NF1	ENST00000358273			chr17	31146366	31146366	C	C	A	Intron	SNP	10	77	0.11494252873563218	True	True	False	Unknown		Unknown																					
BS_20TBZG09	GRCh38	NF1	ENST00000358273			chr17	31153906	31153906	G	G	A	Intron	SNP	24	50	0.32432432432432434	True	True	False	Unknown		Unknown																					
BS_20TBZG09	GRCh38	NF1	ENST00000358273			chr17	31157231	31157231	C	C	T	Intron	SNP	31	28	0.5254237288135594	True	True	False	Unknown		Unknown																					
BS_20TBZG09	GRCh38	NF1	ENST00000358273			chr17	31159316	31159316	A	A	C	Intron	SNP	27	47	0.36486486486486486	True	True	False	Unknown		Unknown																					
BS_20TBZG09	GRCh38	NF1	ENST00000358273			chr17	31161642	31161642	C	C	A	Intron	SNP	6	82	0.06818181818181818	True	True	False	Unknown		Unknown																					
BS_20TBZG09	GRCh38	NF1	ENST00000358273			chr17	31163626	31163626	G	G	A	Intron	SNP	3	39	0.07142857142857142	True	True	False	Unknown		Unknown																					
BS_20TBZG09	GRCh38	NF1	ENST00000358273			chr17	31164460	31164460	T	T	C	Intron	SNP	5	55	0.08333333333333333	True	True	False	Unknown		Unknown																					
BS_20TBZG09	GRCh38	NF1	ENST00000358273			chr17	31166323	31166323	G	G	A	Intron	SNP	4	59	0.06349206349206349	True	True	False	Unknown		Unknown																					
BS_20TBZG09	GRCh38	NF1	ENST00000358273			chr17	31167733	31167733	G	G	A	Intron	SNP	4	53	0.07017543859649122	True	True	False	Unknown		Unknown																					
BS_20TBZG09	GRCh38	NF1	ENST00000358273			chr17	31169632	31169632	A	A	C	Intron	SNP	20	23	0.46511627906976744	True	True	False	Unknown		Unknown																					
BS_20TBZG09	GRCh38	NF1	ENST00000358273			chr17	31179797	31179797	T	T	C	Intron	SNP	10	49	0.1694915254237288	True	True	False	Unknown		Unknown																					
BS_20TBZG09	GRCh38	NF1	ENST00000358273			chr17	31181380	31181380	A	A	G	Intron	SNP	26	40	0.3939393939393939	True	True	False	Unknown		Unknown																					
BS_20TBZG09	GRCh38	NF1	ENST00000358273			chr17	31182206	31182206	G	G	A	Intron	SNP	16	52	0.23529411764705882	True	True	False	Unknown		Unknown																					
BS_20TBZG09	GRCh38	NF1	ENST00000358273			chr17	31183945	31183945	G	G	A	Intron	SNP	6	53	0.1016949152542373	True	True	False	Unknown		Unknown																					
BS_20TBZG09	GRCh38	NF1	ENST00000358273			chr17	31186220	31186220	G	G	A	Intron	SNP	12	59	0.16901408450704225	True	True	False	Unknown		Unknown																					
BS_20TBZG09	GRCh38	NF1	ENST00000358273			chr17	31193152	31193152	G	G	T	Intron	SNP	31	39	0.44285714285714284	True	True	False	Unknown		Unknown																					
BS_20TBZG09	GRCh38	NF1	ENST00000358273			chr17	31195462	31195462	C	C	T	Intron	SNP	25	46	0.352112676056338	True	True	False	Unknown		Unknown																					
BS_20TBZG09	GRCh38	NF1	ENST00000358273			chr17	31196476	31196476	C	C	A	Intron	SNP	28	44	0.3888888888888889	True	True	False	Unknown		Unknown																					
BS_20TBZG09	GRCh38	NF1	ENST00000358273			chr17	31205187	31205187	G	G	T	Intron	SNP	42	51	0.45161290322580644	True	True	False	Unknown		Unknown																					
BS_20TBZG09	GRCh38	NF1	ENST00000358273			chr17	31208806	31208806	G	G	A	Intron	SNP	28	41	0.4057971014492754	True	True	False	Unknown		Unknown																					
BS_20TBZG09	GRCh38	NF1	ENST00000358273			chr17	31209060	31209060	G	G	A	Intron	SNP	34	47	0.41975308641975306	True	True	False	Unknown		Unknown																					
BS_20TBZG09	GRCh38	NF1	ENST00000358273			chr17	31220675	31220675	C	C	T	Intron	SNP	40	45	0.47058823529411764	True	True	False	Unknown		Unknown																					
BS_20TBZG09	GRCh38	NF1	ENST00000358273			chr17	31223635	31223635	G	G	T	Intron	SNP	6	67	0.0821917808219178	True	True	False	Unknown		Unknown																					
BS_20TBZG09	GRCh38	NF1	ENST00000358273			chr17	31224862	31224862	G	G	T	Intron	SNP	38	40	0.48717948717948717	True	True	False	Unknown		Unknown																					
BS_20TBZG09	GRCh38	NF1	ENST00000358273			chr17	31224993	31224993	G	G	T	Intron	SNP	36	59	0.37894736842105264	True	True	False	Unknown		Unknown																					
BS_20TBZG09	GRCh38	NF1	ENST00000358273			chr17	31227397	31227397	A	A	G	Intron	SNP	7	72	0.08860759493670886	True	True	False	Unknown		Unknown																					
BS_20TBZG09	GRCh38	NF1	ENST00000358273			chr17	31227858	31227858	G	G	A	Intron	SNP	38	39	0.4935064935064935	True	True	False	Unknown		Unknown																					
BS_20TBZG09	GRCh38	NF1	ENST00000358273	p.D1069A	p.Asp1069Ala	chr17	31232081	31232081	A	A	C	Missense_Mutation	SNP	5	22	0.18518518518518517	True	True	False	Unknown		Unknown																					
BS_20TBZG09	GRCh38	NF1	ENST00000358273			chr17	31232487	31232487	T	T	C	Intron	SNP	8	48	0.14285714285714285	True	True	False	Unknown		Unknown																					
BS_20TBZG09	GRCh38	NF1	ENST00000358273			chr17	31235841	31235841	T	T	G	Intron	SNP	21	48	0.30434782608695654	True	True	False	Unknown		Unknown																					
BS_20TBZG09	GRCh38	NF1	ENST00000358273			chr17	31236189	31236189	T	T	-	Intron	DEL	28	33	0.45901639344262296	True	True	False	Unknown		Unknown																					
BS_20TBZG09	GRCh38	NF1	ENST00000358273			chr17	31238120	31238120	C	C	T	Intron	SNP	25	40	0.38461538461538464	True	True	False	Unknown		Unknown																					
BS_20TBZG09	GRCh38	NF1	ENST00000358273			chr17	31243762	31243762	G	G	T	Intron	SNP	33	43	0.4342105263157895	True	True	False	Unknown		Unknown																					
BS_20TBZG09	GRCh38	NF1	ENST00000358273			chr17	31248440	31248440	A	A	G	Intron	SNP	6	97	0.05825242718446602	True	True	False	Unknown		Unknown																					
BS_20TBZG09	GRCh38	NF1	ENST00000358273			chr17	31248910	31248910	G	G	A	Intron	SNP	6	82	0.06818181818181818	True	True	False	Unknown		Unknown																					
BS_20TBZG09	GRCh38	NF1	ENST00000358273			chr17	31252482	31252482	G	G	T	Intron	SNP	3	50	0.05660377358490566	True	True	False	Unknown		Unknown																					
BS_20TBZG09	GRCh38	NF1	ENST00000358273			chr17	31254822	31254822	G	G	A	Intron	SNP	14	40	0.25925925925925924	True	True	False	Unknown		Unknown																					
BS_20TBZG09	GRCh38	NF1	ENST00000358273			chr17	31257689	31257689	C	C	T	Intron	SNP	35	42	0.45454545454545453	True	True	False	Unknown		Unknown																					
BS_20TBZG09	GRCh38	NF1	ENST00000358273			chr17	31260068	31260068	G	G	A	Intron	SNP	19	39	0.3275862068965517	True	True	False	Unknown		Unknown																					
BS_20TBZG09	GRCh38	NF1	ENST00000358273			chr17	31271145	31271145	T	T	G	Intron	SNP	8	51	0.13559322033898305	True	True	False	Unknown		Unknown																					
BS_20TBZG09	GRCh38	NF1	ENST00000358273			chr17	31273347	31273347	G	G	T	Intron	SNP	20	34	0.37037037037037035	True	True	False	Unknown		Unknown																					
BS_20TBZG09	GRCh38	NF1	ENST00000358273			chr17	31273412	31273412	G	G	T	Intron	SNP	5	57	0.08064516129032258	True	True	False	Unknown		Unknown																					
BS_20TBZG09	GRCh38	NF1	ENST00000358273			chr17	31273714	31273714	G	G	A	Intron	SNP	3	49	0.057692307692307696	True	True	False	Unknown		Unknown																					
BS_20TBZG09	GRCh38	NF1	ENST00000358273			chr17	31274767	31274767	T	T	-	Intron	DEL	22	29	0.43137254901960786	True	True	False	Unknown		Unknown																					
BS_20TBZG09	GRCh38	NF1	ENST00000358273			chr17	31275243	31275243	A	A	G	Intron	SNP	28	32	0.4666666666666667	True	True	False	Unknown		Unknown																					
BS_20TBZG09	GRCh38	NF1	ENST00000358273			chr17	31276846	31276846	G	G	A	Intron	SNP	4	58	0.06451612903225806	True	True	False	Unknown		Unknown																					
BS_20TBZG09	GRCh38	NF1	ENST00000358273			chr17	31277766	31277766	C	C	T	Intron	SNP	28	49	0.36363636363636365	True	True	False	Unknown		Unknown																					
BS_20TBZG09	GRCh38	NF1	ENST00000358273			chr17	31278984	31278984	A	A	G	Intron	SNP	30	52	0.36585365853658536	True	True	False	Unknown		Unknown																					
BS_20TBZG09	GRCh38	NF1	ENST00000358273			chr17	31281071	31281071	A	A	C	Intron	SNP	33	36	0.4782608695652174	True	True	False	Unknown		Unknown																					
BS_20TBZG09	GRCh38	NF1	ENST00000358273			chr17	31290527	31290527	T	T	C	Intron	SNP	34	34	0.5	True	True	False	Unknown		Unknown																					
BS_20TBZG09	GRCh38	NF1	ENST00000358273			chr17	31299152	31299152	G	G	A	Intron	SNP	26	36	0.41935483870967744	True	True	False	Unknown		Unknown																					
BS_20TBZG09	GRCh38	NF1	ENST00000358273			chr17	31301087	31301087	C	C	T	Intron	SNP	31	46	0.4025974025974026	True	True	False	Unknown		Unknown																					
BS_20TBZG09	GRCh38	NF1	ENST00000358273			chr17	31302677	31302678	-	-	A	Intron	INS	9	52	0.14754098360655737	True	True	False	Unknown		Unknown																					
BS_20TBZG09	GRCh38	NF1	ENST00000358273			chr17	31303487	31303487	A	A	-	Intron	DEL	32	35	0.47761194029850745	True	True	False	Unknown		Unknown																					
BS_20TBZG09	GRCh38	NF1	ENST00000358273			chr17	31314990	31314990	G	G	T	Intron	SNP	27	38	0.4153846153846154	True	True	False	Unknown		Unknown																					
BS_20TBZG09	GRCh38	NF1	ENST00000358273			chr17	31322572	31322572	C	C	T	Intron	SNP	17	23	0.425	True	True	False	Unknown		Unknown																					
BS_20TBZG09	GRCh38	NF1	ENST00000358273			chr17	31337936	31337936	C	C	T	Intron	SNP	34	31	0.5230769230769231	True	True	False	Unknown		Unknown																					
BS_20TBZG09	GRCh38	NF1	ENST00000358273			chr17	31345376	31345376	C	C	A	Intron	SNP	43	45	0.48863636363636365	True	True	False	Unknown		Unknown																					
BS_20TBZG09	GRCh38	NF1	ENST00000358273			chr17	31354112	31354112	G	G	T	Intron	SNP	6	76	0.07317073170731707	True	True	False	Unknown		Unknown																					
BS_20TBZG09	GRCh38	NF1	ENST00000358273			chr17	31355821	31355821	G	G	A	Intron	SNP	8	46	0.14814814814814814	True	True	False	Unknown		Unknown																					
BS_20TBZG09	GRCh38	NF1	ENST00000358273	p.S2751I	p.Ser2751Ile	chr17	31360578	31360578	G	G	T	Missense_Mutation	SNP	28	44	0.3888888888888889	True	True	False	Unknown		Unknown																					
BS_20TBZG09	GRCh38	NF1	ENST00000358273			chr17	31360852	31360852	C	C	A	Intron	SNP	28	42	0.4	True	True	False	Unknown		Unknown																					
BS_20TBZG09	GRCh38	NF1	ENST00000358273			chr17	31361060	31361060	C	C	A	Intron	SNP	29	17	0.6304347826086957	True	True	False	Unknown		Unknown																					
BS_20TBZG09	GRCh38	NF1	ENST00000358273			chr17	31365489	31365489	G	G	A	Intron	SNP	28	54	0.34146341463414637	True	True	False	Unknown		Unknown																					
BS_20TBZG09	GRCh38	NF1	ENST00000358273			chr17	31366683	31366683	G	G	T	Intron	SNP	6	62	0.08823529411764706	True	True	False	Unknown		Unknown																					
BS_20TBZG09	GRCh38	NF1	ENST00000358273			chr17	31370363	31370363	C	C	A	Intron	SNP	28	21	0.5714285714285714	True	True	False	Unknown		Unknown																					
BS_20TBZG09	GRCh38	NF1	ENST00000358273			chr17	31372582	31372582	C	C	T	Intron	SNP	9	75	0.10714285714285714	True	True	False	Unknown		Unknown																					
BS_20TBZG09	GRCh38	NF1	ENST00000358273			chr17	31373820	31373820	C	C	T	Intron	SNP	8	70	0.10256410256410256	True	True	False	Unknown		Unknown																					
BS_20TBZG09	GRCh38	NF1	ENST00000358273			chr17	31374371	31374371	C	C	T	3'UTR	SNP	3	49	0.057692307692307696	True	True	False	Unknown		Unknown																					
BS_20TBZG09	GRCh38	NF1	ENST00000358273			chr17	31374683	31374683	C	C	A	3'UTR	SNP	19	40	0.3220338983050847	True	True	False	Unknown		Unknown																					
BS_20TBZG09	GRCh38	NF1	ENST00000358273			chr17	31375303	31375303	C	C	A	3'UTR	SNP	4	49	0.07547169811320754	True	True	False	Unknown		Unknown																					
BS_20TBZG09	GRCh38	NF1	ENST00000358273			chr17	31375438	31375438	G	G	A	3'UTR	SNP	3	52	0.05454545454545454	True	True	False	Unknown		Unknown																					
BS_20TBZG09	GRCh38	NF1	ENST00000358273			chr17	31378387	31378387	G	G	A	3'Flank	SNP	38	49	0.4367816091954023	True	True	False	Unknown		Unknown																					
BS_20TBZG09	GRCh38	NF1	ENST00000488981			chr17	31383336	31383336	G	G	A	3'Flank	SNP	11	44	0.2	True	True	False	Unknown		Unknown																					
BS_20TBZG09	GRCh38	NF1	ENST00000488981			chr17	31384035	31384035	C	C	T	3'Flank	SNP	29	27	0.5178571428571429	True	True	False	Unknown		Unknown																					
BS_20TBZG09	GRCh38	LIG1	ENST00000263274			chr19	48112689	48112689	C	C	T	3'Flank	SNP	27	40	0.40298507462686567	True	False	False	Unknown		Unknown																					
BS_20TBZG09	GRCh38	LIG1	ENST00000263274			chr19	48112967	48112967	T	T	G	3'Flank	SNP	43	49	0.4673913043478261	True	False	False	Unknown		Unknown																					
BS_20TBZG09	GRCh38	LIG1	ENST00000263274			chr19	48114571	48114571	G	G	A	3'Flank	SNP	30	58	0.3409090909090909	True	False	False	Unknown		Unknown																					
BS_20TBZG09	GRCh38	LIG1	ENST00000263274			chr19	48114721	48114721	C	C	T	3'Flank	SNP	28	43	0.39436619718309857	True	False	False	Unknown		Unknown																					
BS_20TBZG09	GRCh38	LIG1	ENST00000263274			chr19	48117630	48117630	C	C	A	Splice_Region	SNP	6	74	0.075	True	False	False	Unknown		Unknown																					
BS_20TBZG09	GRCh38	LIG1	ENST00000263274			chr19	48118905	48118905	C	C	T	Intron	SNP	7	74	0.08641975308641975	True	False	False	Unknown		Unknown																					
BS_20TBZG09	GRCh38	LIG1	ENST00000263274			chr19	48121652	48121652	T	T	G	Intron	SNP	35	39	0.47297297297297297	True	False	False	Unknown		Unknown																					
BS_20TBZG09	GRCh38	LIG1	ENST00000263274			chr19	48122703	48122703	C	C	T	Intron	SNP	4	59	0.06349206349206349	True	False	False	Unknown		Unknown																					
BS_20TBZG09	GRCh38	LIG1	ENST00000263274			chr19	48123563	48123563	T	T	G	Intron	SNP	30	48	0.38461538461538464	True	False	False	Unknown		Unknown																					
BS_20TBZG09	GRCh38	LIG1	ENST00000263274			chr19	48124309	48124309	C	C	A	Intron	SNP	5	56	0.08196721311475409	True	False	False	Unknown		Unknown																					
BS_20TBZG09	GRCh38	LIG1	ENST00000263274			chr19	48133474	48133474	C	C	A	Intron	SNP	36	38	0.4864864864864865	True	False	False	Unknown		Unknown																					
BS_20TBZG09	GRCh38	LIG1	ENST00000263274	p.E522=	p.Glu522=	chr19	48134024	48134024	C	C	T	Silent	SNP	28	47	0.37333333333333335	True	False	False	Unknown		Unknown																					
BS_20TBZG09	GRCh38	LIG1	ENST00000263274			chr19	48137470	48137470	C	C	A	Intron	SNP	8	74	0.0975609756097561	True	False	False	Unknown		Unknown																					
BS_20TBZG09	GRCh38	LIG1	ENST00000263274			chr19	48138126	48138126	C	C	T	Intron	SNP	12	74	0.13953488372093023	True	False	False	Unknown		Unknown																					
BS_20TBZG09	GRCh38	LIG1	ENST00000263274			chr19	48142399	48142399	C	C	T	Intron	SNP	22	32	0.4074074074074074	True	False	False	Unknown		Unknown																					
BS_20TBZG09	GRCh38	LIG1	ENST00000263274			chr19	48145148	48145148	C	C	A	Intron	SNP	35	39	0.47297297297297297	True	False	False	Unknown		Unknown																					
BS_20TBZG09	GRCh38	LIG1	ENST00000263274			chr19	48148666	48148666	A	A	T	Intron	SNP	18	36	0.3333333333333333	True	False	False	Unknown		Unknown																					
BS_20TBZG09	GRCh38	LIG1	ENST00000263274			chr19	48151532	48151532	C	C	T	Intron	SNP	26	46	0.3611111111111111	True	False	False	Unknown		Unknown																					
BS_20TBZG09	GRCh38	LIG1	ENST00000263274			chr19	48151865	48151865	C	C	A	Intron	SNP	13	75	0.14772727272727273	True	False	False	Unknown		Unknown																					
BS_20TBZG09	GRCh38	LIG1	ENST00000263274			chr19	48152917	48152917	C	C	A	Intron	SNP	4	52	0.07142857142857142	True	False	False	Unknown		Unknown																					
BS_20TBZG09	GRCh38	LIG1	ENST00000263274			chr19	48154581	48154581	C	C	A	Intron	SNP	4	56	0.06666666666666667	True	False	False	Unknown		Unknown																					
BS_20TBZG09	GRCh38	LIG1	ENST00000263274			chr19	48155019	48155019	G	G	T	Intron	SNP	6	65	0.08450704225352113	True	False	False	Unknown		Unknown																					
BS_20TBZG09	GRCh38	LIG1	ENST00000263274			chr19	48155673	48155673	C	C	T	Intron	SNP	28	35	0.4444444444444444	True	False	False	Unknown		Unknown																					
BS_20TBZG09	GRCh38	LIG1	ENST00000263274			chr19	48156272	48156272	C	C	A	Intron	SNP	16	58	0.21621621621621623	True	False	False	Unknown		Unknown																					
BS_20TBZG09	GRCh38	LIG1	ENST00000263274			chr19	48157794	48157794	G	G	A	Intron	SNP	44	48	0.4782608695652174	True	False	False	Unknown		Unknown																					
BS_20TBZG09	GRCh38	LIG1	ENST00000263274			chr19	48161016	48161016	C	C	T	Intron	SNP	30	53	0.3614457831325301	True	False	False	Unknown		Unknown																					
BS_20TBZG09	GRCh38	LIG1	ENST00000263274			chr19	48161937	48161938	-	-	A	Intron	INS	28	35	0.4444444444444444	True	False	False	Unknown		Unknown																					
BS_20TBZG09	GRCh38	LIG1	ENST00000263274			chr19	48163219	48163219	A	A	-	Intron	DEL	31	42	0.4246575342465753	True	False	False	Unknown		Unknown																					
BS_20TBZG09	GRCh38	LIG1	ENST00000263274			chr19	48169184	48169184	C	C	T	Intron	SNP	33	40	0.4520547945205479	True	False	False	Unknown		Unknown																					
BS_20TBZG09	GRCh38	POLD1	ENST00000613923			chr19	50384759	50384759	G	G	A	Intron	SNP	46	57	0.44660194174757284	True	True	False	Unknown		Unknown																					
BS_20TBZG09	GRCh38	POLD1	ENST00000613923			chr19	50384836	50384836	A	A	C	Intron	SNP	4	67	0.056338028169014086	True	True	False	Unknown		Unknown																					
BS_20TBZG09	GRCh38	POLD1	ENST00000613923			chr19	50386914	50386914	C	C	T	Intron	SNP	43	58	0.42574257425742573	True	True	False	Unknown		Unknown																					
BS_20TBZG09	GRCh38	POLD1	ENST00000613923			chr19	50388785	50388785	C	C	T	Intron	SNP	13	22	0.37142857142857144	True	True	False	Unknown		Unknown																					
BS_20TBZG09	GRCh38	POLD1	ENST00000613923			chr19	50395585	50395586	AA	AA	-	Intron	DEL	28	38	0.42424242424242425	True	True	False	Unknown		Unknown																					
BS_20TBZG09	GRCh38	POLD1	ENST00000613923			chr19	50403236	50403236	G	G	A	Intron	SNP	33	54	0.3793103448275862	True	True	False	Unknown		Unknown																					
BS_20TBZG09	GRCh38	POLD1	ENST00000613923			chr19	50405683	50405683	C	C	A	Intron	SNP	8	72	0.1	True	True	False	Unknown		Unknown																					
BS_20TBZG09	GRCh38	POLD1	ENST00000613923	p.G577=	p.Gly577=	chr19	50407371	50407371	C	C	T	Silent	SNP	3	48	0.058823529411764705	True	True	False	Unknown		Unknown																					
BS_20TBZG09	GRCh38	POLD1	ENST00000613923	p.A599T	p.Ala599Thr	chr19	50408726	50408726	G	G	A	Missense_Mutation	SNP	41	41	0.5	True	True	False	Unknown		Unknown																					
BS_20TBZG09	GRCh38	POLD1	ENST00000613923			chr19	50409504	50409504	C	C	T	Intron	SNP	8	97	0.0761904761904762	True	True	False	Unknown		Unknown																					
BS_20TBZG09	GRCh38	POLD1	ENST00000613923			chr19	50410140	50410140	C	C	T	Intron	SNP	22	53	0.29333333333333333	True	True	False	Unknown		Unknown																					
BS_20TBZG09	GRCh38	POLD1	ENST00000613923			chr19	50411377	50411377	G	G	T	Intron	SNP	42	48	0.4666666666666667	True	True	False	Unknown		Unknown																					
BS_20TBZG09	GRCh38	POLD1	ENST00000613923			chr19	50412817	50412817	C	C	A	Intron	SNP	5	61	0.07575757575757576	True	True	False	Unknown		Unknown																					
BS_20TBZG09	GRCh38	POLD1	ENST00000613923	p.R915H	p.Arg915His	chr19	50415539	50415539	G	G	A	Missense_Mutation	SNP	16	67	0.1927710843373494	True	True	False	Unknown		Unknown																					
BS_20TBZG09	GRCh38	POLD1	ENST00000613923			chr19	50415902	50415902	C	C	T	Intron	SNP	23	57	0.2875	True	True	False	Unknown		Unknown																					
BS_20TBZG09	GRCh38	PCNA	ENST00000379160			chr20	5117258	5117258	G	G	A	Intron	SNP	49	35	0.5833333333333334	True	False	False	Unknown		Unknown																					
BS_20TBZG09	GRCh38	PCNA	ENST00000379160			chr20	5119230	5119230	G	G	A	Intron	SNP	33	54	0.3793103448275862	True	False	False	Unknown		Unknown																					
BS_20TBZG09	GRCh38	PCNA	ENST00000379160			chr20	5121150	5121150	C	C	T	Intron	SNP	4	55	0.06779661016949153	True	False	False	Unknown		Unknown																					
BS_20TBZG09	GRCh38	PCNA	ENST00000379160			chr20	5122865	5122865	G	G	T	Intron	SNP	41	41	0.5	True	False	False	Unknown		Unknown																					
BS_20TBZG09	GRCh38	ATRX	ENST00000373344			chrX	77505491	77505491	C	C	T	3'UTR	SNP	32	27	0.5423728813559322	True	True	False	Unknown		Unknown																					
BS_20TBZG09	GRCh38	ATRX	ENST00000373344	p.Q2453=	p.Gln2453=	chrX	77508471	77508471	C	C	T	Silent	SNP	25	34	0.423728813559322	True	True	False	Unknown		Unknown																					
BS_20TBZG09	GRCh38	ATRX	ENST00000373344			chrX	77510903	77510903	C	C	A	Intron	SNP	30	56	0.3488372093023256	True	True	False	Unknown		Unknown																					
BS_20TBZG09	GRCh38	ATRX	ENST00000373344	p.D2326Y	p.Asp2326Tyr	chrX	77521498	77521498	C	C	A	Missense_Mutation	SNP	18	43	0.29508196721311475	True	True	False	Unknown		Unknown																					
BS_20TBZG09	GRCh38	ATRX	ENST00000373344			chrX	77529792	77529792	C	C	T	Intron	SNP	33	44	0.42857142857142855	True	True	False	Unknown		Unknown																					
BS_20TBZG09	GRCh38	ATRX	ENST00000373344			chrX	77530503	77530503	G	G	A	Intron	SNP	8	56	0.125	True	True	False	Unknown		Unknown																					
BS_20TBZG09	GRCh38	ATRX	ENST00000373344			chrX	77531513	77531513	G	G	A	Intron	SNP	5	56	0.08196721311475409	True	True	False	Unknown		Unknown																					
BS_20TBZG09	GRCh38	ATRX	ENST00000373344			chrX	77537084	77537084	T	T	C	Intron	SNP	25	44	0.36231884057971014	True	True	False	Unknown		Unknown																					
BS_20TBZG09	GRCh38	ATRX	ENST00000373344			chrX	77538154	77538154	A	A	G	Intron	SNP	27	36	0.42857142857142855	True	True	False	Unknown		Unknown																					
BS_20TBZG09	GRCh38	ATRX	ENST00000373344			chrX	77544436	77544436	C	C	T	Intron	SNP	29	39	0.4264705882352941	True	True	False	Unknown		Unknown																					
BS_20TBZG09	GRCh38	ATRX	ENST00000373344			chrX	77544775	77544775	C	C	T	Intron	SNP	30	39	0.43478260869565216	True	True	False	Unknown		Unknown																					
BS_20TBZG09	GRCh38	ATRX	ENST00000373344			chrX	77552104	77552104	G	G	T	Intron	SNP	31	33	0.484375	True	True	False	Unknown		Unknown																					
BS_20TBZG09	GRCh38	ATRX	ENST00000373344			chrX	77552279	77552279	G	G	T	Intron	SNP	4	45	0.08163265306122448	True	True	False	Unknown		Unknown																					
BS_20TBZG09	GRCh38	ATRX	ENST00000373344			chrX	77554851	77554851	G	G	A	Intron	SNP	12	57	0.17391304347826086	True	True	False	Unknown		Unknown																					
BS_20TBZG09	GRCh38	ATRX	ENST00000373344			chrX	77555244	77555244	G	G	A	Intron	SNP	4	50	0.07407407407407407	True	True	False	Unknown		Unknown																					
BS_20TBZG09	GRCh38	ATRX	ENST00000373344			chrX	77565220	77565220	C	C	T	Intron	SNP	3	45	0.0625	True	True	False	Unknown		Unknown																					
BS_20TBZG09	GRCh38	ATRX	ENST00000373344			chrX	77565319	77565319	G	G	A	Intron	SNP	29	30	0.4915254237288136	True	True	False	Unknown		Unknown																					
BS_20TBZG09	GRCh38	ATRX	ENST00000373344			chrX	77578279	77578279	G	G	A	Intron	SNP	30	45	0.4	True	True	False	Unknown		Unknown																					
BS_20TBZG09	GRCh38	ATRX	ENST00000373344			chrX	77579921	77579921	G	G	A	Intron	SNP	3	49	0.057692307692307696	True	True	False	Unknown		Unknown																					
BS_20TBZG09	GRCh38	ATRX	ENST00000373344			chrX	77582021	77582021	A	A	C	Intron	SNP	30	53	0.3614457831325301	True	True	False	Unknown		Unknown																					
BS_20TBZG09	GRCh38	ATRX	ENST00000373344			chrX	77582139	77582139	C	C	T	Intron	SNP	30	38	0.4411764705882353	True	True	False	Unknown		Unknown																					
BS_20TBZG09	GRCh38	ATRX	ENST00000373344			chrX	77584014	77584014	G	G	T	Intron	SNP	16	52	0.23529411764705882	True	True	False	Unknown		Unknown																					
BS_20TBZG09	GRCh38	ATRX	ENST00000373344			chrX	77586271	77586271	A	A	G	Intron	SNP	33	40	0.4520547945205479	True	True	False	Unknown		Unknown																					
BS_20TBZG09	GRCh38	ATRX	ENST00000373344			chrX	77586502	77586502	A	A	C	Intron	SNP	4	49	0.07547169811320754	True	True	False	Unknown		Unknown																					
BS_20TBZG09	GRCh38	ATRX	ENST00000373344			chrX	77590376	77590376	C	C	T	Intron	SNP	18	39	0.3157894736842105	True	True	False	Unknown		Unknown																					
BS_20TBZG09	GRCh38	ATRX	ENST00000373344			chrX	77591851	77591851	A	A	T	Intron	SNP	29	42	0.4084507042253521	True	True	False	Unknown		Unknown																					
BS_20TBZG09	GRCh38	ATRX	ENST00000373344			chrX	77594394	77594394	C	C	T	Intron	SNP	24	60	0.2857142857142857	True	True	False	Unknown		Unknown																					
BS_20TBZG09	GRCh38	ATRX	ENST00000373344			chrX	77601349	77601349	G	G	T	Intron	SNP	8	58	0.12121212121212122	True	True	False	Unknown		Unknown																					
BS_20TBZG09	GRCh38	ATRX	ENST00000373344			chrX	77605490	77605491	-	-	A	Intron	INS	34	46	0.425	True	True	False	Unknown		Unknown																					
BS_20TBZG09	GRCh38	ATRX	ENST00000373344			chrX	77608268	77608268	C	C	T	Intron	SNP	43	34	0.5584415584415584	True	True	False	Unknown		Unknown																					
BS_20TBZG09	GRCh38	ATRX	ENST00000373344			chrX	77608536	77608536	C	C	T	Intron	SNP	19	44	0.30158730158730157	True	True	False	Unknown		Unknown																					
BS_20TBZG09	GRCh38	ATRX	ENST00000373344			chrX	77611480	77611480	C	C	A	Intron	SNP	10	64	0.13513513513513514	True	True	False	Unknown		Unknown																					
BS_20TBZG09	GRCh38	ATRX	ENST00000373344			chrX	77611904	77611904	T	T	C	Intron	SNP	14	45	0.23728813559322035	True	True	False	Unknown		Unknown																					
BS_20TBZG09	GRCh38	ATRX	ENST00000373344			chrX	77613260	77613260	C	C	T	Intron	SNP	8	65	0.1095890410958904	True	True	False	Unknown		Unknown																					
BS_20TBZG09	GRCh38	ATRX	ENST00000373344			chrX	77618242	77618242	C	C	T	Intron	SNP	11	40	0.21568627450980393	True	True	False	Unknown		Unknown																					
BS_20TBZG09	GRCh38	ATRX	ENST00000373344			chrX	77619784	77619784	G	G	A	Intron	SNP	32	38	0.45714285714285713	True	True	False	Unknown		Unknown																					
BS_20TBZG09	GRCh38	ATRX	ENST00000373344			chrX	77627427	77627427	C	C	T	Intron	SNP	4	48	0.07692307692307693	True	True	False	Unknown		Unknown																					
BS_20TBZG09	GRCh38	ATRX	ENST00000373344			chrX	77628193	77628193	G	G	A	Intron	SNP	9	62	0.1267605633802817	True	True	False	Unknown		Unknown																					
BS_20TBZG09	GRCh38	ATRX	ENST00000373344			chrX	77628849	77628849	T	T	C	Intron	SNP	9	67	0.11842105263157894	True	True	False	Unknown		Unknown																					
BS_20TBZG09	GRCh38	ATRX	ENST00000373344			chrX	77630340	77630340	C	C	T	Intron	SNP	4	59	0.06349206349206349	True	True	False	Unknown		Unknown																					
BS_20TBZG09	GRCh38	ATRX	ENST00000373344			chrX	77632692	77632692	C	C	T	Intron	SNP	9	59	0.1323529411764706	True	True	False	Unknown		Unknown																					
BS_20TBZG09	GRCh38	ATRX	ENST00000373344			chrX	77633188	77633188	C	C	A	Intron	SNP	3	49	0.057692307692307696	True	True	False	Unknown		Unknown																					
BS_20TBZG09	GRCh38	ATRX	ENST00000373344	p.E1643D	p.Glu1643Asp	chrX	77633593	77633593	C	C	A	Missense_Mutation	SNP	27	41	0.39705882352941174	True	True	False	Unknown		Unknown																					
BS_20TBZG09	GRCh38	ATRX	ENST00000373344	p.L1612I	p.Leu1612Ile	chrX	77633688	77633688	G	G	T	Missense_Mutation	SNP	3	47	0.06	True	True	False	Unknown		Unknown																					
BS_20TBZG09	GRCh38	ATRX	ENST00000373344			chrX	77638478	77638478	A	A	-	Intron	DEL	4	44	0.08333333333333333	True	True	False	Unknown		Unknown																					
BS_20TBZG09	GRCh38	ATRX	ENST00000373344			chrX	77639452	77639452	A	A	G	Intron	SNP	33	28	0.5409836065573771	True	True	False	Unknown		Unknown																					
BS_20TBZG09	GRCh38	ATRX	ENST00000373344			chrX	77647651	77647651	C	C	T	Intron	SNP	28	42	0.4	True	True	False	Unknown		Unknown																					
BS_20TBZG09	GRCh38	ATRX	ENST00000373344			chrX	77651909	77651909	A	A	G	Intron	SNP	29	31	0.48333333333333334	True	True	False	Unknown		Unknown																					
BS_20TBZG09	GRCh38	ATRX	ENST00000373344			chrX	77653506	77653506	C	C	T	Intron	SNP	28	38	0.42424242424242425	True	True	False	Unknown		Unknown																					
BS_20TBZG09	GRCh38	ATRX	ENST00000373344			chrX	77654955	77654955	T	T	G	Intron	SNP	4	52	0.07142857142857142	True	True	False	Unknown		Unknown																					
BS_20TBZG09	GRCh38	ATRX	ENST00000373344			chrX	77657226	77657226	G	G	A	Intron	SNP	24	41	0.36923076923076925	True	True	False	Unknown		Unknown																					
BS_20TBZG09	GRCh38	ATRX	ENST00000373344			chrX	77657627	77657627	T	T	C	Intron	SNP	30	47	0.38961038961038963	True	True	False	Unknown		Unknown																					
BS_20TBZG09	GRCh38	ATRX	ENST00000373344			chrX	77657960	77657960	G	G	T	Intron	SNP	23	55	0.2948717948717949	True	True	False	Unknown		Unknown																					
BS_20TBZG09	GRCh38	ATRX	ENST00000373344			chrX	77663258	77663258	G	G	A	Intron	SNP	27	47	0.36486486486486486	True	True	False	Unknown		Unknown																					
BS_20TBZG09	GRCh38	ATRX	ENST00000373344	p.E1365*	p.Glu1365Ter	chrX	77663409	77663409	C	C	A	Nonsense_Mutation	SNP	26	38	0.40625	True	True	False	Likely Loss-of-function	21719641;8968741;24148618;15591283;14592816;18409179;17609377	Likely Oncogenic																					
BS_20TBZG09	GRCh38	ATRX	ENST00000373344			chrX	77665777	77665777	T	T	C	Intron	SNP	4	46	0.08	True	True	False	Unknown		Unknown																					
BS_20TBZG09	GRCh38	ATRX	ENST00000373344			chrX	77672540	77672540	G	G	T	Intron	SNP	4	50	0.07407407407407407	True	True	False	Unknown		Unknown																					
BS_20TBZG09	GRCh38	ATRX	ENST00000373344			chrX	77675440	77675440	G	G	A	Intron	SNP	9	40	0.1836734693877551	True	True	False	Unknown		Unknown																					
BS_20TBZG09	GRCh38	ATRX	ENST00000373344			chrX	77680105	77680105	C	C	A	Intron	SNP	4	51	0.07272727272727272	True	True	False	Unknown		Unknown																					
BS_20TBZG09	GRCh38	ATRX	ENST00000373344	p.L291F	p.Leu291Phe	chrX	77684383	77684383	C	C	A	Missense_Mutation	SNP	36	45	0.4444444444444444	True	True	False	Unknown		Unknown																					
BS_20TBZG09	GRCh38	ATRX	ENST00000373344			chrX	77686034	77686034	G	G	T	Intron	SNP	3	47	0.06	True	True	False	Unknown		Unknown																					
BS_20TBZG09	GRCh38	ATRX	ENST00000373344			chrX	77686049	77686049	G	G	A	Intron	SNP	23	41	0.359375	True	True	False	Unknown		Unknown																					
BS_20TBZG09	GRCh38	ATRX	ENST00000373344			chrX	77686802	77686802	G	G	A	Intron	SNP	22	36	0.3793103448275862	True	True	False	Unknown		Unknown																					
BS_20TBZG09	GRCh38	ATRX	ENST00000373344			chrX	77690536	77690536	T	T	A	Intron	SNP	6	64	0.08571428571428572	True	True	False	Unknown		Unknown																					
BS_20TBZG09	GRCh38	ATRX	ENST00000373344			chrX	77694757	77694757	G	G	A	Intron	SNP	33	42	0.44	True	True	False	Unknown		Unknown																					
BS_20TBZG09	GRCh38	ATRX	ENST00000373344			chrX	77697323	77697323	A	A	G	Intron	SNP	35	43	0.44871794871794873	True	True	False	Unknown		Unknown																					
BS_20TBZG09	GRCh38	ATRX	ENST00000373344			chrX	77698083	77698083	G	G	A	Intron	SNP	37	39	0.4868421052631579	True	True	False	Unknown		Unknown																					
BS_20TBZG09	GRCh38	ATRX	ENST00000373344			chrX	77698473	77698473	C	C	A	Intron	SNP	9	59	0.1323529411764706	True	True	False	Unknown		Unknown																					
BS_20TBZG09	GRCh38	ATRX	ENST00000373344			chrX	77698495	77698495	G	G	A	Intron	SNP	13	40	0.24528301886792453	True	True	False	Unknown		Unknown																					
BS_20TBZG09	GRCh38	ATRX	ENST00000373344			chrX	77699652	77699652	C	C	A	Intron	SNP	4	68	0.05555555555555555	True	True	False	Unknown		Unknown																					
BS_20TBZG09	GRCh38	ATRX	ENST00000373344			chrX	77706877	77706877	G	G	T	Intron	SNP	28	42	0.4	True	True	False	Unknown		Unknown																					
BS_20TBZG09	GRCh38	ATRX	ENST00000373344			chrX	77708535	77708535	G	G	A	Intron	SNP	25	38	0.3968253968253968	True	True	False	Unknown		Unknown																					
BS_20TBZG09	GRCh38	ATRX	ENST00000373344			chrX	77710871	77710871	A	A	G	Intron	SNP	26	49	0.3466666666666667	True	True	False	Unknown		Unknown																					
BS_20TBZG09	GRCh38	ATRX	ENST00000373344			chrX	77713924	77713924	A	A	G	Intron	SNP	31	55	0.36046511627906974	True	True	False	Unknown		Unknown																					
BS_20TBZG09	GRCh38	ATRX	ENST00000373344			chrX	77724593	77724593	G	G	A	Intron	SNP	3	42	0.06666666666666667	True	True	False	Unknown		Unknown																					
BS_20TBZG09	GRCh38	ATRX	ENST00000373344			chrX	77732397	77732397	C	C	T	Intron	SNP	34	32	0.5151515151515151	True	True	False	Unknown		Unknown																					
BS_20TBZG09	GRCh38	ATRX	ENST00000373344			chrX	77733507	77733507	G	G	A	Intron	SNP	5	40	0.1111111111111111	True	True	False	Unknown		Unknown																					
BS_20TBZG09	GRCh38	ATRX	ENST00000373344			chrX	77735540	77735540	C	C	T	Intron	SNP	4	40	0.09090909090909091	True	True	False	Unknown		Unknown																					
BS_20TBZG09	GRCh38	ATRX	ENST00000373344			chrX	77738313	77738313	C	C	T	Intron	SNP	15	31	0.32608695652173914	True	True	False	Unknown		Unknown																					
BS_20TBZG09	GRCh38	ATRX	ENST00000373344			chrX	77739137	77739137	T	T	A	Intron	SNP	22	41	0.3492063492063492	True	True	False	Unknown		Unknown																					
BS_20TBZG09	GRCh38	ATRX	ENST00000373344			chrX	77749370	77749370	G	G	A	Intron	SNP	29	32	0.47540983606557374	True	True	False	Unknown		Unknown																					
BS_20TBZG09	GRCh38	ATRX	ENST00000373344			chrX	77750918	77750918	C	C	T	Intron	SNP	33	58	0.3626373626373626	True	True	False	Unknown		Unknown																					
BS_20TBZG09	GRCh38	ATRX	ENST00000373344			chrX	77755562	77755562	T	T	C	Intron	SNP	39	36	0.52	True	True	False	Unknown		Unknown																					
BS_20TBZG09	GRCh38	ATRX	ENST00000373344			chrX	77758893	77758893	G	G	A	Intron	SNP	40	56	0.4166666666666667	True	True	False	Unknown		Unknown																					
BS_20TBZG09	GRCh38	ATRX	ENST00000373344			chrX	77759461	77759461	C	C	A	Intron	SNP	31	34	0.47692307692307695	True	True	False	Unknown		Unknown																					
BS_20TBZG09	GRCh38	ATRX	ENST00000373344			chrX	77764917	77764917	C	C	T	Intron	SNP	6	69	0.08	True	True	False	Unknown		Unknown																					
BS_20TBZG09	GRCh38	ATRX	ENST00000373344			chrX	77765140	77765140	C	C	A	Intron	SNP	27	38	0.4153846153846154	True	True	False	Unknown		Unknown																					
BS_20TBZG09	GRCh38	ATRX	ENST00000373344			chrX	77767642	77767642	G	G	A	Intron	SNP	8	74	0.0975609756097561	True	True	False	Unknown		Unknown																					
BS_20TBZG09	GRCh38	ATRX	ENST00000373344			chrX	77770448	77770448	G	G	A	Intron	SNP	6	59	0.09230769230769231	True	True	False	Unknown		Unknown																					
BS_20TBZG09	GRCh38	ATRX	ENST00000373344			chrX	77773291	77773291	G	G	A	Intron	SNP	4	42	0.08695652173913043	True	True	False	Unknown		Unknown																					
BS_20TBZG09	GRCh38	ATRX	ENST00000373344			chrX	77776711	77776711	C	C	T	Intron	SNP	24	64	0.2727272727272727	True	True	False	Unknown		Unknown																					
BS_20TBZG09	GRCh38	ATRX	ENST00000373344			chrX	77777981	77777981	C	C	T	Intron	SNP	25	32	0.43859649122807015	True	True	False	Unknown		Unknown																					
BS_20TBZG09	GRCh38	ATRX	ENST00000373344			chrX	77780798	77780798	C	C	T	Intron	SNP	17	31	0.3541666666666667	True	True	False	Unknown		Unknown																					
BS_20TBZG09	GRCh38	ATRX	ENST00000373344			chrX	77783896	77783896	C	C	T	Intron	SNP	13	49	0.20967741935483872	True	True	False	Unknown		Unknown																					
BS_20TBZG09	GRCh38	RPA4	ENST00000373040			chrX	96884194	96884194	G	G	A	5'UTR	SNP	25	42	0.373134328358209	True	False	False	Unknown		Unknown																					
BS_20TBZG09	GRCh38	RPA4	ENST00000373040			chrX	96884229	96884229	C	C	T	5'UTR	SNP	24	35	0.4067796610169492	True	False	False	Unknown		Unknown																					
BS_80078QDG	GRCh38	EXO1	ENST00000366548			chr1	241843513	241843513	C	C	G	5'Flank	SNP	8	100	0.07407407407407407	True	False	False	Unknown		Unknown																					
BS_80078QDG	GRCh38	RPA3	ENST00000223129			chr7	7696852	7696852	A	A	T	Intron	SNP	9	96	0.08571428571428572	True	False	False	Unknown		Unknown																					
BS_80078QDG	GRCh38	ATRX	ENST00000373344			chrX	77567950	77567950	A	A	G	Intron	SNP	30	50	0.375	True	True	False	Unknown		Unknown																					
BS_80078QDG	GRCh38	ATRX	ENST00000373344			chrX	77669696	77669697	-	-	T	Intron	INS	18	75	0.1935483870967742	True	True	False	Unknown		Unknown																					
BS_M4E4H6NG	GRCh38	RFC4	ENST00000392481			chr3	186805129	186805134	GAAATG	GAAATG	-	Intron	DEL	35	86	0.2892561983471074	True	False	False	Unknown		Unknown																					
BS_M4E4H6NG	GRCh38	NF1	ENST00000358273			chr17	31152426	31152426	A	A	T	Intron	SNP	11	70	0.13580246913580246	True	True	False	Unknown		Unknown																					
BS_M4E4H6NG	GRCh38	ATRX	ENST00000373344			chrX	77765298	77765298	C	C	A	Intron	SNP	30	51	0.37037037037037035	True	True	False	Unknown		Unknown																					
BS_7GKF6M85	GRCh38	H3F3A	ENST00000366813	p.K28M	p.Lys28Met	chr1	226064434	226064434	A	A	T	Missense_Mutation	SNP	31	62	0.3333333333333333	True	True	True	Likely Gain-of-function	22286061;26619011;21685365	Likely Oncogenic																					
BS_7GKF6M85	GRCh38	MSH6	ENST00000234420	p.R29=	p.Arg29=	chr2	47783320	47783320	C	C	G	Silent	SNP	8	99	0.07476635514018691	True	True	False	Unknown		Unknown																					
BS_7GKF6M85	GRCh38	TP53	ENST00000269305	p.N239S	p.Asn239Ser	chr17	7674247	7674247	T	T	C	Missense_Mutation	SNP	7	63	0.1	True	True	True	Loss-of-function	22553460	Oncogenic																	AMLMRC,AML,TMN,CLLSLL,MDS,ET,MPN,PMF		MCL	LEVEL_Px1	25412851;25860933;22186996;18596741;25412846;25952993;23243274;24004666;20697090;19188171;24652989;21714648;25092778;24220272;24478400;29296692;22887079;25516983;22052707;8639789;7579380;28819011;24684350;26022239
BS_7GKF6M85	GRCh38	ATRX	ENST00000373344			chrX	77616031	77616031	A	A	C	Intron	SNP	14	81	0.14736842105263157	True	True	False	Unknown		Unknown																					
BS_S0T3CQ97	GRCh38	RPA2	ENST00000373909			chr1	27912545	27912546	-	-	A	Intron	INS	44	60	0.4230769230769231	True	False	False	Unknown		Unknown																					
BS_S0T3CQ97	GRCh38	EXO1	ENST00000366548			chr1	241867616	241867617	-	-	T	Intron	INS	14	62	0.18421052631578946	True	False	False	Unknown		Unknown																					
BS_S0T3CQ97	GRCh38	EXO1	ENST00000366548			chr1	241878496	241878496	A	A	-	Intron	DEL	25	36	0.4098360655737705	True	False	False	Unknown		Unknown																					
BS_S0T3CQ97	GRCh38	MSH2	ENST00000233146			chr2	47422662	47422662	A	A	C	Intron	SNP	35	48	0.42168674698795183	True	True	False	Unknown		Unknown																					
BS_S0T3CQ97	GRCh38	MSH2	ENST00000233146			chr2	47460843	47460843	T	T	-	Intron	DEL	30	31	0.4918032786885246	True	True	False	Unknown		Unknown																					
BS_S0T3CQ97	GRCh38	MSH2	ENST00000644092			chr2	47624525	47624525	T	T	-	Intron	DEL	45	63	0.4166666666666667	True	True	False	Unknown		Unknown																					
BS_S0T3CQ97	GRCh38	MSH6	ENST00000606499			chr2	47724853	47724853	C	C	T	Intron	SNP	31	63	0.32978723404255317	True	True	False	Unknown		Unknown																					
BS_S0T3CQ97	GRCh38	MSH6	ENST00000606499			chr2	47749992	47749992	A	A	-	Intron	DEL	33	34	0.4925373134328358	True	True	False	Unknown		Unknown																					
BS_S0T3CQ97	GRCh38	MSH6	ENST00000234420			chr2	47804133	47804134	-	-	T	Intron	INS	30	49	0.379746835443038	True	True	False	Unknown		Unknown																					
BS_S0T3CQ97	GRCh38	MLH1	ENST00000231790			chr3	37039401	37039401	T	T	-	Intron	DEL	29	60	0.3258426966292135	True	True	False	Unknown		Unknown																					
BS_S0T3CQ97	GRCh38	RFC1	ENST00000381897			chr4	39321779	39321779	A	A	-	Intron	DEL	41	63	0.3942307692307692	True	False	False	Unknown		Unknown																					
BS_S0T3CQ97	GRCh38	RFC1	ENST00000381897			chr4	39344114	39344114	A	A	-	Intron	DEL	61	13	0.8243243243243243	True	False	False	Unknown		Unknown																					
BS_S0T3CQ97	GRCh38	RFC1	ENST00000381897			chr4	39351967	39351967	A	A	-	Intron	DEL	25	16	0.6097560975609756	True	False	False	Unknown		Unknown																					
BS_S0T3CQ97	GRCh38	TERT	ENST00000310581			chr5	1255432	1255432	G	G	A	Intron	SNP	49	42	0.5384615384615384	True	True	False	Unknown		Unknown																					
BS_S0T3CQ97	GRCh38	TERT	ENST00000310581			chr5	1271836	1271836	G	G	A	Intron	SNP	36	72	0.3333333333333333	True	True	False	Unknown		Unknown																					
BS_S0T3CQ97	GRCh38	TERT	ENST00000310581			chr5	1299236	1299237	-	-	C	5'Flank	INS	29	55	0.34523809523809523	True	True	True	Gain-of-function	24657534;25048572;23530248;23348506;23348503;23887589	Oncogenic																					
BS_S0T3CQ97	GRCh38	MSH3	ENST00000265081			chr5	80691532	80691532	T	T	-	Intron	DEL	8	28	0.2222222222222222	True	True	False	Unknown		Unknown																					
BS_S0T3CQ97	GRCh38	MSH3	ENST00000265081			chr5	80767177	80767177	G	G	A	Intron	SNP	51	9	0.85	True	True	False	Unknown		Unknown																					
BS_S0T3CQ97	GRCh38	MSH3	ENST00000265081			chr5	80781479	80781479	T	T	-	Intron	DEL	26	7	0.7878787878787878	True	True	False	Unknown		Unknown																					
BS_S0T3CQ97	GRCh38	PMS2	ENST00000265849			chr7	5982023	5982023	T	T	-	Intron	DEL	32	52	0.38095238095238093	True	True	False	Unknown		Unknown																					
BS_S0T3CQ97	GRCh38	PMS2	ENST00000265849			chr7	5982351	5982351	G	G	A	Intron	SNP	48	71	0.40336134453781514	True	True	False	Unknown		Unknown																					
BS_S0T3CQ97	GRCh38	PMS2	ENST00000265849			chr7	5992174	5992174	T	T	-	Intron	DEL	32	65	0.32989690721649484	True	True	False	Unknown		Unknown																					
BS_S0T3CQ97	GRCh38	RPA3	ENST00000223129			chr7	7654546	7654546	C	C	T	Intron	SNP	34	94	0.265625	True	False	False	Unknown		Unknown																					
BS_S0T3CQ97	GRCh38	RPA3	ENST00000223129			chr7	7673711	7673712	CT	CT	-	Intron	DEL	47	49	0.4895833333333333	True	False	False	Unknown		Unknown																					
BS_S0T3CQ97	GRCh38	RPA3	ENST00000223129			chr7	7678782	7678783	TT	TT	-	Intron	DEL	18	57	0.24	True	False	False	Unknown		Unknown																					
BS_S0T3CQ97	GRCh38	RPA3	ENST00000223129			chr7	7704599	7704599	A	A	-	Intron	DEL	32	26	0.5517241379310345	True	False	False	Unknown		Unknown																					
BS_S0T3CQ97	GRCh38	RPA3	ENST00000223129			chr7	7716664	7716664	C	C	T	Intron	SNP	49	58	0.45794392523364486	True	False	False	Unknown		Unknown																					
BS_S0T3CQ97	GRCh38	RFC2	ENST00000055077			chr7	74249565	74249565	A	A	-	Intron	DEL	29	40	0.42028985507246375	True	False	False	Unknown		Unknown																					
BS_S0T3CQ97	GRCh38	POLD4	ENST00000312419			chr11	67347435	67347436	AA	AA	-	3'Flank	DEL	28	7	0.8	True	False	False	Unknown		Unknown																					
BS_S0T3CQ97	GRCh38	POLD3	ENST00000263681			chr11	74610208	74610209	TT	TT	-	Intron	DEL	32	15	0.6808510638297872	True	False	False	Unknown		Unknown																					
BS_S0T3CQ97	GRCh38	POLD3	ENST00000263681			chr11	74610632	74610633	-	-	T	Intron	INS	35	10	0.7777777777777778	True	False	False	Unknown		Unknown																					
BS_S0T3CQ97	GRCh38	POLE	ENST00000320574			chr12	132636776	132636776	A	A	-	Intron	DEL	28	62	0.3111111111111111	True	True	False	Unknown		Unknown																					
BS_S0T3CQ97	GRCh38	POLE	ENST00000320574			chr12	132650615	132650615	A	A	-	Intron	DEL	31	73	0.2980769230769231	True	True	False	Unknown		Unknown																					
BS_S0T3CQ97	GRCh38	POLE	ENST00000320574			chr12	132656366	132656366	T	T	-	Intron	DEL	30	59	0.33707865168539325	True	True	False	Unknown		Unknown																					
BS_S0T3CQ97	GRCh38	POLE	ENST00000320574			chr12	132682292	132682293	AA	AA	-	Intron	DEL	27	40	0.40298507462686567	True	True	False	Unknown		Unknown																					
BS_S0T3CQ97	GRCh38	POLE	ENST00000320574			chr12	132685879	132685879	T	T	-	Intron	DEL	27	56	0.3253012048192771	True	True	False	Unknown		Unknown																					
BS_S0T3CQ97	GRCh38	RFC3	ENST00000380071			chr13	33833369	33833370	-	-	A	Intron	INS	11	71	0.13414634146341464	True	False	False	Unknown		Unknown																					
BS_S0T3CQ97	GRCh38	MLH3	ENST00000355774			chr14	75034612	75034612	T	T	-	Intron	DEL	82	11	0.8817204301075269	True	False	False	Unknown		Unknown																					
BS_S0T3CQ97	GRCh38	MLH3	ENST00000355774			chr14	75038844	75038844	T	T	-	Intron	DEL	33	52	0.38823529411764707	True	False	False	Unknown		Unknown																					
BS_S0T3CQ97	GRCh38	MLH3	ENST00000355774			chr14	75044090	75044091	AA	AA	-	Intron	DEL	32	83	0.2782608695652174	True	False	False	Unknown		Unknown																					
BS_S0T3CQ97	GRCh38	RPA1	ENST00000254719			chr17	1836667	1836668	TT	TT	-	Intron	DEL	28	35	0.4444444444444444	True	False	False	Unknown		Unknown																					
BS_S0T3CQ97	GRCh38	RPA1	ENST00000254719			chr17	1836843	1836843	T	T	A	Intron	SNP	23	55	0.2948717948717949	True	False	False	Unknown		Unknown																					
BS_S0T3CQ97	GRCh38	RPA1	ENST00000254719			chr17	1903684	1903685	TT	TT	-	3'Flank	DEL	25	43	0.36764705882352944	True	False	False	Unknown		Unknown																					
BS_S0T3CQ97	GRCh38	TP53	ENST00000269305			chr17	7667439	7667440	-	-	A	3'Flank	INS	11	63	0.14864864864864866	True	True	False	Unknown		Unknown																					
BS_S0T3CQ97	GRCh38	TP53	ENST00000269305	p.R273C	p.Arg273Cys	chr17	7673803	7673803	G	G	A	Missense_Mutation	SNP	27	42	0.391304347826087	True	True	True	Likely Loss-of-function	23863845;11900253;23612969;15037740	Likely Oncogenic																	AMLMRC,AML,TMN,CLLSLL,MDS,ET,MPN,PMF		MCL	LEVEL_Px1	25412851;25860933;22186996;18596741;25412846;25952993;23243274;24004666;20697090;19188171;24652989;21714648;25092778;24220272;24478400;29296692;22887079;25516983;22052707;8639789;7579380;28819011;24684350;26022239
BS_S0T3CQ97	GRCh38	TP53	ENST00000269305	p.R213*	p.Arg213Ter	chr17	7674894	7674894	G	G	A	Nonsense_Mutation	SNP	38	46	0.4523809523809524	True	True	False	Likely Loss-of-function	19336573;27759562;16007150;11753428;11900253;21467160	Likely Oncogenic																	AMLMRC,AML,TMN,CLLSLL,MDS,ET,MPN,PMF		MCL	LEVEL_Px1	25412851;25860933;22186996;18596741;25412846;25952993;23243274;24004666;20697090;19188171;24652989;21714648;25092778;24220272;24478400;29296692;22887079;25516983;22052707;8639789;7579380;28819011;24684350;26022239
BS_S0T3CQ97	GRCh38	NF1	ENST00000358273			chr17	31097704	31097704	T	T	-	Intron	DEL	20	40	0.3333333333333333	True	True	False	Unknown		Unknown																					
BS_S0T3CQ97	GRCh38	NF1	ENST00000358273			chr17	31122472	31122472	C	C	A	Intron	SNP	50	57	0.4672897196261682	True	True	False	Unknown		Unknown																					
BS_S0T3CQ97	GRCh38	NF1	ENST00000358273			chr17	31124977	31124977	A	A	-	Intron	DEL	30	32	0.4838709677419355	True	True	False	Unknown		Unknown																					
BS_S0T3CQ97	GRCh38	NF1	ENST00000358273			chr17	31150679	31150679	G	G	A	Intron	SNP	29	62	0.31868131868131866	True	True	False	Unknown		Unknown																					
BS_S0T3CQ97	GRCh38	NF1	ENST00000358273			chr17	31155959	31155960	-	-	T	Intron	INS	27	41	0.39705882352941174	True	True	False	Unknown		Unknown																					
BS_S0T3CQ97	GRCh38	NF1	ENST00000358273			chr17	31231729	31231729	T	T	-	Intron	DEL	33	43	0.4342105263157895	True	True	False	Unknown		Unknown																					
BS_S0T3CQ97	GRCh38	NF1	ENST00000358273	p.R1534*	p.Arg1534Ter	chr17	31261733	31261733	C	C	T	Nonsense_Mutation	SNP	30	45	0.4	True	True	False	Likely Loss-of-function	31548343;8052307;19573811;26345759;8563751;23913538;7542586;7655472;24576830;10862084;23047742;10543400;12509763;14722914;31591187	Likely Oncogenic	Selumetinib				Trametinib,Cobimetinib			LEVEL_1	LEVEL_1		28029918;32187457;31151904;24576830;26936308;24535670;Romo et al. Abstract# e13562, ASCO 2019(https://ascopubs.org/doi/abs/10.1200/JCO.2019.37.15_suppl.e13562)		CMML,JMML		LEVEL_Dx2	18925961;23832011;14644997;25691160;26457647;9639526					
BS_S0T3CQ97	GRCh38	NF1	ENST00000358273			chr17	31278620	31278620	T	T	-	Intron	DEL	22	20	0.5238095238095238	True	True	False	Unknown		Unknown																					
BS_S0T3CQ97	GRCh38	NF1	ENST00000358273	p.C2134Yfs*8	p.Cys2134TyrfsTer8	chr17	31336885	31336886	TG	TG	-	Frame_Shift_Del	DEL	32	34	0.48484848484848486	True	True	False	Likely Loss-of-function	31548343;8052307;19573811;26345759;8563751;23913538;7542586;7655472;24576830;10862084;23047742;10543400;12509763;14722914;31591187	Likely Oncogenic	Selumetinib				Trametinib,Cobimetinib			LEVEL_1	LEVEL_1		28029918;32187457;31151904;24576830;26936308;24535670;Romo et al. Abstract# e13562, ASCO 2019(https://ascopubs.org/doi/abs/10.1200/JCO.2019.37.15_suppl.e13562)		CMML,JMML		LEVEL_Dx2	18925961;23832011;14644997;25691160;26457647;9639526					
BS_S0T3CQ97	GRCh38	NF1	ENST00000358273			chr17	31351861	31351861	T	T	-	Intron	DEL	44	58	0.43137254901960786	True	True	False	Unknown		Unknown																					
BS_S0T3CQ97	GRCh38	LIG1	ENST00000263274			chr19	48167826	48167827	AA	AA	-	Intron	DEL	37	9	0.8043478260869565	True	False	False	Unknown		Unknown																					
BS_S0T3CQ97	GRCh38	POLD1	ENST00000613923			chr19	50413421	50413421	G	G	A	Splice_Region	SNP	39	59	0.3979591836734694	True	True	False	Unknown		Unknown																					
BS_S0T3CQ97	GRCh38	POLD1	ENST00000613923			chr19	50416106	50416106	C	C	-	Intron	DEL	19	46	0.2923076923076923	True	True	False	Unknown		Unknown																					
BS_S0T3CQ97	GRCh38	PCNA	ENST00000379160			chr20	5123695	5123695	A	A	-	Intron	DEL	63	11	0.8513513513513513	True	False	False	Unknown		Unknown																					
BS_S0T3CQ97	GRCh38	ATRX	ENST00000373344			chrX	77522585	77522585	T	T	-	Intron	DEL	33	13	0.717391304347826	True	True	False	Unknown		Unknown																					
BS_S0T3CQ97	GRCh38	ATRX	ENST00000373344			chrX	77546498	77546498	T	T	-	Intron	DEL	32	5	0.8648648648648649	True	True	False	Unknown		Unknown																					
BS_S0T3CQ97	GRCh38	ATRX	ENST00000373344			chrX	77559739	77559739	G	G	A	Intron	SNP	10	37	0.2127659574468085	True	True	False	Unknown		Unknown																					
BS_S0T3CQ97	GRCh38	ATRX	ENST00000373344			chrX	77597484	77597485	-	-	A	Intron	INS	32	13	0.7111111111111111	True	True	False	Unknown		Unknown																					
BS_S0T3CQ97	GRCh38	ATRX	ENST00000373344			chrX	77603527	77603527	G	G	A	Intron	SNP	45	1	0.9782608695652174	True	True	False	Unknown		Unknown																					
BS_S0T3CQ97	GRCh38	ATRX	ENST00000373344			chrX	77604681	77604681	A	A	-	Intron	DEL	8	35	0.18604651162790697	True	True	False	Unknown		Unknown																					
BS_S0T3CQ97	GRCh38	ATRX	ENST00000373344			chrX	77631987	77631987	T	T	-	Intron	DEL	31	5	0.8611111111111112	True	True	False	Unknown		Unknown																					
BS_S0T3CQ97	GRCh38	ATRX	ENST00000373344			chrX	77643930	77643930	A	A	-	Intron	DEL	35	13	0.7291666666666666	True	True	False	Unknown		Unknown																					
BS_S0T3CQ97	GRCh38	ATRX	ENST00000373344			chrX	77653005	77653005	A	A	-	Intron	DEL	29	1	0.9666666666666667	True	True	False	Unknown		Unknown																					
BS_S0T3CQ97	GRCh38	ATRX	ENST00000373344			chrX	77655806	77655806	A	A	-	Intron	DEL	39	4	0.9069767441860465	True	True	False	Unknown		Unknown																					
BS_S0T3CQ97	GRCh38	ATRX	ENST00000373344			chrX	77666860	77666860	A	A	-	Intron	DEL	13	45	0.22413793103448276	True	True	False	Unknown		Unknown																					
BS_S0T3CQ97	GRCh38	ATRX	ENST00000373344			chrX	77677113	77677113	A	A	-	Intron	DEL	24	13	0.6486486486486487	True	True	False	Unknown		Unknown																					
BS_S0T3CQ97	GRCh38	ATRX	ENST00000373344	p.R840Efs*29	p.Arg840GlufsTer29	chrX	77682738	77682738	T	T	-	Frame_Shift_Del	DEL	52	7	0.8813559322033898	True	True	False	Likely Loss-of-function	21719641;8968741;24148618;15591283;14592816;18409179;17609377	Likely Oncogenic																					
BS_S0T3CQ97	GRCh38	ATRX	ENST00000373344			chrX	77754163	77754163	T	T	-	Intron	DEL	35	6	0.8536585365853658	True	True	False	Unknown		Unknown																					
BS_S0T3CQ97	GRCh38	ATRX	ENST00000373344			chrX	77758394	77758395	AA	AA	-	Intron	DEL	31	7	0.8157894736842105	True	True	False	Unknown		Unknown																					
BS_S0T3CQ97	GRCh38	ATRX	ENST00000373344			chrX	77770107	77770107	T	T	-	Intron	DEL	32	4	0.8888888888888888	True	True	False	Unknown		Unknown																					
BS_S0T3CQ97	GRCh38	ATRX	ENST00000373344			chrX	77787336	77787336	T	T	C	5'Flank	SNP	26	9	0.7428571428571429	True	True	False	Unknown		Unknown																					
BS_B9QP40ER	GRCh38	H3F3A	ENST00000366813	p.K28M	p.Lys28Met	chr1	226064434	226064434	A	A	T	Missense_Mutation	SNP	31	58	0.34831460674157305	True	True	True	Likely Gain-of-function	22286061;26619011;21685365	Likely Oncogenic																					
BS_B9QP40ER	GRCh38	TP53	ENST00000269305	p.R248Q	p.Arg248Gln	chr17	7674220	7674220	C	C	T	Missense_Mutation	SNP	53	27	0.6625	True	True	True	Likely Loss-of-function	24814347;16778209;21445056	Likely Oncogenic																	AMLMRC,AML,TMN,CLLSLL,MDS,ET,MPN,PMF		MCL	LEVEL_Px1	25412851;25860933;22186996;18596741;25412846;25952993;23243274;24004666;20697090;19188171;24652989;21714648;25092778;24220272;24478400;29296692;22887079;25516983;22052707;8639789;7579380;28819011;24684350;26022239
BS_B9QP40ER	GRCh38	NF1	ENST00000358273	p.R1306*	p.Arg1306Ter	chr17	31235963	31235963	C	C	T	Nonsense_Mutation	SNP	62	35	0.6391752577319587	True	True	False	Likely Loss-of-function	31548343;8052307;19573811;26345759;8563751;23913538;7542586;7655472;24576830;10862084;23047742;10543400;12509763;14722914;31591187	Likely Oncogenic	Selumetinib				Trametinib,Cobimetinib			LEVEL_1	LEVEL_1		28029918;32187457;31151904;24576830;26936308;24535670;Romo et al. Abstract# e13562, ASCO 2019(https://ascopubs.org/doi/abs/10.1200/JCO.2019.37.15_suppl.e13562)		CMML,JMML		LEVEL_Dx2	18925961;23832011;14644997;25691160;26457647;9639526					
BS_B9QP40ER	GRCh38	ATRX	ENST00000373344	p.V1002*	p.Val1002Ter	chrX	77682259	77682259	C	C	-	Frame_Shift_Del	DEL	30	81	0.2702702702702703	True	True	False	Likely Loss-of-function	21719641;8968741;24148618;15591283;14592816;18409179;17609377	Likely Oncogenic																					
BS_3BMGF6GN	GRCh38	POLE	ENST00000320574			chr12	132641285	132641285	C	C	T	Intron	SNP	7	68	0.09333333333333334	True	True	False	Unknown		Unknown																					
BS_3BMGF6GN	GRCh38	TP53	ENST00000269305	p.R248L	p.Arg248Leu	chr17	7674220	7674220	C	C	A	Missense_Mutation	SNP	40	15	0.7272727272727273	True	True	True	Likely Loss-of-function	26748848;25584008	Likely Oncogenic																	AMLMRC,AML,TMN,CLLSLL,MDS,ET,MPN,PMF		MCL	LEVEL_Px1	25412851;25860933;22186996;18596741;25412846;25952993;23243274;24004666;20697090;19188171;24652989;21714648;25092778;24220272;24478400;29296692;22887079;25516983;22052707;8639789;7579380;28819011;24684350;26022239
BS_3BMGF6GN	GRCh38	ATRX	ENST00000373344			chrX	77662114	77662120	AAGAAGC	AAGAAGC	-	Intron	DEL	31	1	0.96875	True	True	False	Unknown		Unknown																					
BS_F8K4VQMF	GRCh38	TERT	ENST00000310581			chr5	1295135	1295135	G	G	A	5'Flank	SNP	30	38	0.4411764705882353	True	True	True	Gain-of-function	24657534;25048572;23530248;23348506;23348503;23887589	Oncogenic																					
BS_F8K4VQMF	GRCh38	MSH3	ENST00000265081			chr5	80776911	80776912	-	-	ATAT	Intron	INS	17	38	0.3090909090909091	True	True	False	Unknown		Unknown																					
BS_F8K4VQMF	GRCh38	MSH3	ENST00000265081			chr5	80869839	80869840	-	-	ACACACACAC	Intron	INS	27	36	0.42857142857142855	True	True	False	Unknown		Unknown																					
BS_823V5X6Z	GRCh38	H3F3A	ENST00000366813	p.K28M	p.Lys28Met	chr1	226064434	226064434	A	A	T	Missense_Mutation	SNP	36	118	0.23376623376623376	True	True	True	Likely Gain-of-function	22286061;26619011;21685365	Likely Oncogenic																					
BS_823V5X6Z	GRCh38	TP53	ENST00000269305	p.R248W	p.Arg248Trp	chr17	7674221	7674221	G	G	A	Missense_Mutation	SNP	37	16	0.6981132075471698	True	True	True	Loss-of-function	25584008;18762571;10229196	Likely Oncogenic																	AMLMRC,AML,TMN,CLLSLL,MDS,ET,MPN,PMF		MCL	LEVEL_Px1	25412851;25860933;22186996;18596741;25412846;25952993;23243274;24004666;20697090;19188171;24652989;21714648;25092778;24220272;24478400;29296692;22887079;25516983;22052707;8639789;7579380;28819011;24684350;26022239
BS_WJB33V17	GRCh38	ATRX	ENST00000373344			chrX	77775751	77775751	T	T	A	Intron	SNP	15	43	0.25862068965517243	True	True	False	Unknown		Unknown																					
BS_1MME7FBS	GRCh38	H3F3A	ENST00000366813	p.K28M	p.Lys28Met	chr1	226064434	226064434	A	A	T	Missense_Mutation	SNP	26	44	0.37142857142857144	True	True	True	Likely Gain-of-function	22286061;26619011;21685365	Likely Oncogenic																					
BS_1MME7FBS	GRCh38	MSH2	ENST00000644092			chr2	47618834	47618834	C	C	T	Intron	SNP	29	55	0.34523809523809523	True	True	False	Unknown		Unknown																					
BS_1MME7FBS	GRCh38	ATRX	ENST00000373344	p.W2001*	p.Trp2001Ter	chrX	77593804	77593804	C	C	T	Nonsense_Mutation	SNP	34	9	0.7906976744186046	True	True	False	Likely Loss-of-function	21719641;8968741;24148618;15591283;14592816;18409179;17609377	Likely Oncogenic																					
BS_M5FM63EB	GRCh38	MSH2	ENST00000233146			chr2	47461961	47461961	T	T	C	Intron	SNP	25	88	0.22123893805309736	True	True	False	Unknown		Unknown																					
BS_M5FM63EB	GRCh38	MSH2	ENST00000233146			chr2	47461966	47461966	T	T	C	Intron	SNP	25	84	0.22935779816513763	True	True	False	Unknown		Unknown																					
BS_M5FM63EB	GRCh38	RFC3	ENST00000380071			chr13	33815489	33815489	A	A	G	5'Flank	SNP	14	54	0.20588235294117646	True	False	False	Unknown		Unknown																					
BS_M5FM63EB	GRCh38	TP53	ENST00000269305	p.A159P	p.Ala159Pro	chr17	7675137	7675137	C	C	G	Missense_Mutation	SNP	53	27	0.6625	True	True	False	Likely Loss-of-function	8023157;11900253	Likely Oncogenic																	AMLMRC,AML,TMN,CLLSLL,MDS,ET,MPN,PMF		MCL	LEVEL_Px1	25412851;25860933;22186996;18596741;25412846;25952993;23243274;24004666;20697090;19188171;24652989;21714648;25092778;24220272;24478400;29296692;22887079;25516983;22052707;8639789;7579380;28819011;24684350;26022239
BS_M5FM63EB	GRCh38	NF1	ENST00000358273			chr17	31341579	31341580	TA	TA	-	Intron	DEL	9	66	0.12	True	True	False	Unknown		Unknown																					
BS_M5FM63EB	GRCh38	LIG1	ENST00000263274			chr19	48138448	48138448	C	C	T	Intron	SNP	56	74	0.4307692307692308	True	False	False	Unknown		Unknown																					
BS_79SYEHY3	GRCh38	MSH2	ENST00000233146			chr2	47483169	47483169	G	G	A	3'UTR	SNP	8	109	0.06837606837606838	True	True	False	Unknown		Unknown																					
BS_79SYEHY3	GRCh38	MSH3	ENST00000265081			chr5	80712767	80712768	-	-	T	Intron	INS	14	98	0.125	True	True	False	Unknown		Unknown																					
BS_79SYEHY3	GRCh38	POLD3	ENST00000528481			chr11	74548688	74548688	T	T	C	Intron	SNP	28	79	0.2616822429906542	True	False	False	Unknown		Unknown																					
BS_79SYEHY3	GRCh38	TP53	ENST00000269305	p.Y236C	p.Tyr236Cys	chr17	7674256	7674256	T	T	C	Missense_Mutation	SNP	19	41	0.31666666666666665	True	True	True	Loss-of-function	16827139	Likely Oncogenic																	AMLMRC,AML,TMN,CLLSLL,MDS,ET,MPN,PMF		MCL	LEVEL_Px1	25412851;25860933;22186996;18596741;25412846;25952993;23243274;24004666;20697090;19188171;24652989;21714648;25092778;24220272;24478400;29296692;22887079;25516983;22052707;8639789;7579380;28819011;24684350;26022239
BS_79SYEHY3	GRCh38	NF1	ENST00000358273	p.Q1822*	p.Gln1822Ter	chr17	31327694	31327694	C	C	T	Nonsense_Mutation	SNP	34	41	0.4533333333333333	True	True	False	Likely Loss-of-function	31548343;8052307;19573811;26345759;8563751;23913538;7542586;7655472;24576830;10862084;23047742;10543400;12509763;14722914;31591187	Likely Oncogenic	Selumetinib				Trametinib,Cobimetinib			LEVEL_1	LEVEL_1		28029918;32187457;31151904;24576830;26936308;24535670;Romo et al. Abstract# e13562, ASCO 2019(https://ascopubs.org/doi/abs/10.1200/JCO.2019.37.15_suppl.e13562)		CMML,JMML		LEVEL_Dx2	18925961;23832011;14644997;25691160;26457647;9639526					
BS_79SYEHY3	GRCh38	NF1	ENST00000358273			chr17	31343956	31343956	T	T	A	Intron	SNP	7	70	0.09090909090909091	True	True	False	Unknown		Unknown																					
BS_79SYEHY3	GRCh38	LIG1	ENST00000263274			chr19	48117032	48117032	C	C	A	Intron	SNP	20	59	0.25316455696202533	True	False	False	Unknown		Unknown																					
BS_79NQJZ09	GRCh38	EXO1	ENST00000366548	p.N333Lfs*57	p.Asn333LeufsTer57	chr1	241861455	241861458	ATAA	ATAA	-	Frame_Shift_Del	DEL	76	95	0.4444444444444444	True	False	False	Unknown		Unknown																					
BS_79NQJZ09	GRCh38	RFC3	ENST00000380071			chr13	33831790	33831790	A	A	G	Intron	SNP	17	65	0.2073170731707317	True	False	False	Unknown		Unknown																					
BS_79NQJZ09	GRCh38	RFC3	ENST00000434425			chr13	33886623	33886624	-	-	T	Intron	INS	12	82	0.1276595744680851	True	False	False	Unknown		Unknown																					
BS_79NQJZ09	GRCh38	TP53	ENST00000269305	p.T125R	p.Thr125Arg	chr17	7675995	7675995	G	G	C	Missense_Mutation	SNP	60	28	0.6818181818181818	True	True	False	Likely Loss-of-function	8023157;11900253	Likely Oncogenic																	AMLMRC,AML,TMN,CLLSLL,MDS,ET,MPN,PMF		MCL	LEVEL_Px1	25412851;25860933;22186996;18596741;25412846;25952993;23243274;24004666;20697090;19188171;24652989;21714648;25092778;24220272;24478400;29296692;22887079;25516983;22052707;8639789;7579380;28819011;24684350;26022239
BS_79NQJZ09	GRCh38	NF1	ENST00000358273	p.X420_splice		chr17	31201486	31201486	G	G	A	Splice_Site	SNP	59	34	0.6344086021505376	True	True	False	Likely Loss-of-function	31548343;8052307;19573811;26345759;8563751;23913538;7542586;7655472;24576830;10862084;23047742;10543400;12509763;14722914;31591187	Likely Oncogenic	Selumetinib				Trametinib,Cobimetinib			LEVEL_1	LEVEL_1		28029918;32187457;31151904;24576830;26936308;24535670;Romo et al. Abstract# e13562, ASCO 2019(https://ascopubs.org/doi/abs/10.1200/JCO.2019.37.15_suppl.e13562)		CMML,JMML		LEVEL_Dx2	18925961;23832011;14644997;25691160;26457647;9639526					
BS_79NQJZ09	GRCh38	NF1	ENST00000358273			chr17	31379431	31379431	C	C	G	3'Flank	SNP	6	88	0.06382978723404255	True	True	False	Unknown		Unknown																					
BS_SK4H5MJQ	GRCh38	TERT	ENST00000310581			chr5	1295113	1295113	G	G	A	5'Flank	SNP	28	65	0.3010752688172043	True	True	True	Gain-of-function	24657534;25048572;23530248;23348506;23348503;23887589	Oncogenic																					
BS_EJV0N3BX	GRCh38	TERT	ENST00000310581			chr5	1289151	1289151	G	G	C	Intron	SNP	9	48	0.15789473684210525	True	True	False	Unknown		Unknown																					
BS_EJV0N3BX	GRCh38	POLD3	ENST00000524752			chr11	74660017	74660017	T	T	G	Intron	SNP	46	55	0.45544554455445546	True	False	False	Unknown		Unknown																					
BS_EJV0N3BX	GRCh38	RPA1	ENST00000254719			chr17	1846878	1846878	T	T	C	Intron	SNP	19	43	0.3064516129032258	True	False	False	Unknown		Unknown																					
BS_EJV0N3BX	GRCh38	TP53	ENST00000269305	p.H193Y	p.His193Tyr	chr17	7674954	7674954	G	G	A	Missense_Mutation	SNP	76	17	0.8172043010752689	True	True	True	Likely Loss-of-function	9627118;25669829	Likely Oncogenic																	AMLMRC,AML,TMN,CLLSLL,MDS,ET,MPN,PMF		MCL	LEVEL_Px1	25412851;25860933;22186996;18596741;25412846;25952993;23243274;24004666;20697090;19188171;24652989;21714648;25092778;24220272;24478400;29296692;22887079;25516983;22052707;8639789;7579380;28819011;24684350;26022239
BS_EJV0N3BX	GRCh38	PCNA	ENST00000379160			chr20	5126511	5126512	-	-	AG	5'UTR	INS	52	48	0.52	True	False	False	Unknown		Unknown																					
BS_3NX3RBCX	GRCh38	MSH2	ENST00000644092			chr2	47601641	47601655	TGTGTGAATGGCTGC	TGTGTGAATGGCTGC	-	Intron	DEL	24	28	0.46153846153846156	True	True	False	Unknown		Unknown																					
BS_3NX3RBCX	GRCh38	RFC1	ENST00000381897			chr4	39344083	39344085	CAG	CAG	-	Intron	DEL	51	42	0.5483870967741935	True	False	False	Unknown		Unknown																					
BS_3NX3RBCX	GRCh38	MSH3	ENST00000265081			chr5	80716630	80716630	A	A	C	Intron	SNP	27	61	0.3068181818181818	True	True	False	Unknown		Unknown																					
BS_3NX3RBCX	GRCh38	RFC3	ENST00000434425			chr13	33924728	33924731	TATA	TATA	-	Intron	DEL	3	20	0.13043478260869565	True	False	False	Unknown		Unknown																					
BS_3NX3RBCX	GRCh38	NF1	ENST00000358273			chr17	31371509	31371509	T	T	C	Intron	SNP	31	99	0.23846153846153847	True	True	False	Unknown		Unknown																					
BS_3NX3RBCX	GRCh38	ATRX	ENST00000373344			chrX	77560792	77560792	G	G	A	Intron	SNP	36	53	0.4044943820224719	True	True	False	Unknown		Unknown																					
BS_P3PF53V8	GRCh38	RPA2	ENST00000373909			chr1	27913275	27913275	G	G	A	Intron	SNP	25	37	0.4032258064516129	True	False	False	Unknown		Unknown																					
BS_P3PF53V8	GRCh38	H3F3A	ENST00000366813			chr1	226067614	226067614	C	C	T	Intron	SNP	50	54	0.4807692307692308	True	True	False	Unknown		Unknown																					
BS_P3PF53V8	GRCh38	EXO1	ENST00000518741			chr1	241895747	241895748	CT	CT	-	3'Flank	DEL	6	40	0.13043478260869565	True	False	False	Unknown		Unknown																					
BS_P3PF53V8	GRCh38	MSH2	ENST00000233146			chr2	47446711	47446712	-	-	T	Intron	INS	16	76	0.17391304347826086	True	True	False	Unknown		Unknown																					
BS_P3PF53V8	GRCh38	MSH2	ENST00000233146			chr2	47454463	47454463	A	A	-	Intron	DEL	14	70	0.16666666666666666	True	True	False	Unknown		Unknown																					
BS_P3PF53V8	GRCh38	MSH2	ENST00000406134			chr2	47509032	47509033	-	-	T	Intron	INS	28	76	0.2692307692307692	True	True	False	Unknown		Unknown																					
BS_P3PF53V8	GRCh38	MSH2	ENST00000644092			chr2	47650738	47650738	T	T	-	Intron	DEL	24	63	0.27586206896551724	True	True	False	Unknown		Unknown																					
BS_P3PF53V8	GRCh38	MSH6	ENST00000606499			chr2	47770130	47770130	C	C	T	Intron	SNP	14	70	0.16666666666666666	True	True	False	Unknown		Unknown																					
BS_P3PF53V8	GRCh38	MSH6	ENST00000606499			chr2	47776352	47776353	-	-	A	Intron	INS	19	79	0.19387755102040816	True	True	False	Unknown		Unknown																					
BS_P3PF53V8	GRCh38	MSH6	ENST00000234420			chr2	47796569	47796569	T	T	-	Intron	DEL	22	65	0.25287356321839083	True	True	False	Unknown		Unknown																					
BS_P3PF53V8	GRCh38	MLH1	ENST00000231790			chr3	36994817	36994818	AT	AT	TA	Intron	DNP	40	72	0.35714285714285715	True	True	False	Unknown		Unknown																					
BS_P3PF53V8	GRCh38	MLH1	ENST00000231790			chr3	37006802	37006802	A	A	-	Intron	DEL	22	40	0.3548387096774194	True	True	False	Unknown		Unknown																					
BS_P3PF53V8	GRCh38	MLH1	ENST00000231790			chr3	37009979	37009980	-	-	T	Intron	INS	26	46	0.3611111111111111	True	True	False	Unknown		Unknown																					
BS_P3PF53V8	GRCh38	MLH1	ENST00000231790			chr3	37047743	37047743	C	C	T	Intron	SNP	19	69	0.2159090909090909	True	True	False	Unknown		Unknown																					
BS_P3PF53V8	GRCh38	RFC4	ENST00000392481			chr3	186804744	186804744	A	A	-	Intron	DEL	7	84	0.07692307692307693	True	False	False	Unknown		Unknown																					
BS_P3PF53V8	GRCh38	RFC1	ENST00000381897			chr4	39328235	39328235	C	C	T	Intron	SNP	51	51	0.5	True	False	False	Unknown		Unknown																					
BS_P3PF53V8	GRCh38	RFC1	ENST00000381897			chr4	39343083	39343083	C	C	T	Intron	SNP	44	52	0.4583333333333333	True	False	False	Unknown		Unknown																					
BS_P3PF53V8	GRCh38	TERT	ENST00000310581	p.V826I	p.Val826Ile	chr5	1268626	1268626	C	C	T	Missense_Mutation	SNP	10	74	0.11904761904761904	True	True	True	Unknown		Unknown																					
BS_P3PF53V8	GRCh38	MSH3	ENST00000265081			chr5	80662601	80662601	C	C	T	Intron	SNP	5	64	0.07246376811594203	True	True	False	Unknown		Unknown																					
BS_P3PF53V8	GRCh38	MSH3	ENST00000265081			chr5	80663552	80663552	T	T	-	Intron	DEL	24	73	0.24742268041237114	True	True	False	Unknown		Unknown																					
BS_P3PF53V8	GRCh38	MSH3	ENST00000265081			chr5	80707558	80707558	A	A	-	Intron	DEL	23	64	0.26436781609195403	True	True	False	Unknown		Unknown																					
BS_P3PF53V8	GRCh38	MSH3	ENST00000265081			chr5	80736717	80736717	G	G	A	Intron	SNP	47	50	0.4845360824742268	True	True	False	Unknown		Unknown																					
BS_P3PF53V8	GRCh38	MSH3	ENST00000265081			chr5	80797809	80797809	G	G	C	Intron	SNP	29	68	0.29896907216494845	True	True	False	Unknown		Unknown																					
BS_P3PF53V8	GRCh38	PMS2	ENST00000265849			chr7	5972825	5972825	T	T	-	3'Flank	DEL	42	24	0.6363636363636364	True	True	False	Unknown		Unknown																					
BS_P3PF53V8	GRCh38	PMS2	ENST00000265849			chr7	5997217	5997217	A	A	-	Intron	DEL	27	52	0.34177215189873417	True	True	False	Unknown		Unknown																					
BS_P3PF53V8	GRCh38	PMS2	ENST00000265849			chr7	6000636	6000637	-	-	A	Intron	INS	23	42	0.35384615384615387	True	True	False	Unknown		Unknown																					
BS_P3PF53V8	GRCh38	PMS2	ENST00000265849			chr7	6000859	6000859	C	C	T	Intron	SNP	28	54	0.34146341463414637	True	True	False	Unknown		Unknown																					
BS_P3PF53V8	GRCh38	PMS2	ENST00000265849			chr7	6003293	6003293	A	A	-	Intron	DEL	27	35	0.43548387096774194	True	True	False	Unknown		Unknown																					
BS_P3PF53V8	GRCh38	PMS2	ENST00000265849			chr7	6008383	6008383	G	G	A	Intron	SNP	20	79	0.20202020202020202	True	True	False	Unknown		Unknown																					
BS_P3PF53V8	GRCh38	RPA3	ENST00000223129			chr7	7634043	7634043	A	A	-	3'Flank	DEL	26	40	0.3939393939393939	True	False	False	Unknown		Unknown																					
BS_P3PF53V8	GRCh38	RPA3	ENST00000223129			chr7	7699049	7699050	-	-	G	Intron	INS	15	37	0.28846153846153844	True	False	False	Unknown		Unknown																					
BS_P3PF53V8	GRCh38	POLD2	ENST00000610533			chr7	44124264	44124265	TT	TT	-	5'Flank	DEL	33	46	0.4177215189873418	True	False	False	Unknown		Unknown																					
BS_P3PF53V8	GRCh38	RFC2	ENST00000055077			chr7	74231137	74231138	AA	AA	-	3'Flank	DEL	44	60	0.4230769230769231	True	False	False	Unknown		Unknown																					
BS_P3PF53V8	GRCh38	RFC2	ENST00000055077	p.A328=	p.Ala328=	chr7	74232187	74232187	C	C	T	Silent	SNP	27	57	0.32142857142857145	True	False	False	Unknown		Unknown																					
BS_P3PF53V8	GRCh38	RFC2	ENST00000055077			chr7	74245030	74245030	T	T	-	Intron	DEL	26	27	0.49056603773584906	True	False	False	Unknown		Unknown																					
BS_P3PF53V8	GRCh38	SSBP1	ENST00000481508			chr7	141739371	141739371	A	A	-	Intron	DEL	25	50	0.3333333333333333	True	False	False	Unknown		Unknown																					
BS_P3PF53V8	GRCh38	POLD4	ENST00000312419			chr11	67347435	67347435	A	A	-	3'Flank	DEL	48	22	0.6857142857142857	True	False	False	Unknown		Unknown																					
BS_P3PF53V8	GRCh38	POLD4	ENST00000312419			chr11	67352510	67352510	A	A	-	Intron	DEL	13	84	0.13402061855670103	True	False	False	Unknown		Unknown																					
BS_P3PF53V8	GRCh38	POLD3	ENST00000528481			chr11	74525651	74525651	T	T	-	Intron	DEL	22	70	0.2391304347826087	True	False	False	Unknown		Unknown																					
BS_P3PF53V8	GRCh38	POLD3	ENST00000528481			chr11	74555199	74555199	C	C	T	Intron	SNP	12	107	0.10084033613445378	True	False	False	Unknown		Unknown																					
BS_P3PF53V8	GRCh38	POLD3	ENST00000528481			chr11	74583845	74583845	G	G	A	Intron	SNP	43	66	0.3944954128440367	True	False	False	Unknown		Unknown																					
BS_P3PF53V8	GRCh38	POLD3	ENST00000263681			chr11	74599670	74599670	T	T	-	Intron	DEL	27	51	0.34615384615384615	True	False	False	Unknown		Unknown																					
BS_P3PF53V8	GRCh38	POLD3	ENST00000263681			chr11	74641626	74641626	G	G	A	3'UTR	SNP	36	49	0.4235294117647059	True	False	False	Unknown		Unknown																					
BS_P3PF53V8	GRCh38	RFC5	ENST00000449641			chr12	118010799	118010799	T	T	C	5'Flank	SNP	9	46	0.16363636363636364	True	False	False	Unknown		Unknown																					
BS_P3PF53V8	GRCh38	POLE	ENST00000320574			chr12	132630721	132630721	A	A	-	Intron	DEL	27	15	0.6428571428571429	True	True	False	Unknown		Unknown																					
BS_P3PF53V8	GRCh38	POLE	ENST00000320574			chr12	132673056	132673056	C	C	A	Intron	SNP	30	46	0.39473684210526316	True	True	False	Unknown		Unknown																					
BS_P3PF53V8	GRCh38	RFC3	ENST00000434425			chr13	33948147	33948147	G	G	A	Intron	SNP	40	22	0.6451612903225806	True	False	False	Unknown		Unknown																					
BS_P3PF53V8	GRCh38	RFC3	ENST00000434425			chr13	33955405	33955405	A	A	-	Intron	DEL	7	69	0.09210526315789473	True	False	False	Unknown		Unknown																					
BS_P3PF53V8	GRCh38	MLH3	ENST00000355774			chr14	75033923	75033923	A	A	T	Intron	SNP	4	50	0.07407407407407407	True	False	False	Unknown		Unknown																					
BS_P3PF53V8	GRCh38	MLH3	ENST00000355774			chr14	75034612	75034612	T	T	-	Intron	DEL	9	65	0.12162162162162163	True	False	False	Unknown		Unknown																					
BS_P3PF53V8	GRCh38	MLH3	ENST00000355774			chr14	75036470	75036470	G	G	A	Intron	SNP	32	43	0.4266666666666667	True	False	False	Unknown		Unknown																					
BS_P3PF53V8	GRCh38	MLH3	ENST00000355774			chr14	75040314	75040314	G	G	A	Intron	SNP	17	52	0.2463768115942029	True	False	False	Unknown		Unknown																					
BS_P3PF53V8	GRCh38	RPA1	ENST00000254719			chr17	1885474	1885475	-	-	T	Intron	INS	33	70	0.32038834951456313	True	False	False	Unknown		Unknown																					
BS_P3PF53V8	GRCh38	RPA1	ENST00000254719			chr17	1887871	1887871	C	C	T	Intron	SNP	21	67	0.23863636363636365	True	False	False	Unknown		Unknown																					
BS_P3PF53V8	GRCh38	TP53	ENST00000269305			chr17	7664584	7664585	-	-	T	3'Flank	INS	59	14	0.8082191780821918	True	True	False	Unknown		Unknown																					
BS_P3PF53V8	GRCh38	TP53	ENST00000269305	p.R248W	p.Arg248Trp	chr17	7674221	7674221	G	G	A	Missense_Mutation	SNP	76	30	0.71698113207547165	True	True	True	Loss-of-function	25584008;18762571;10229196	Likely Oncogenic																	AMLMRC,AML,TMN,CLLSLL,MDS,ET,MPN,PMF		MCL	LEVEL_Px1	25412851;25860933;22186996;18596741;25412846;25952993;23243274;24004666;20697090;19188171;24652989;21714648;25092778;24220272;24478400;29296692;22887079;25516983;22052707;8639789;7579380;28819011;24684350;26022239
BS_P3PF53V8	GRCh38	NF1	ENST00000358273			chr17	31109395	31109395	T	T	-	Intron	DEL	30	47	0.38961038961038963	True	True	False	Unknown		Unknown																					
BS_P3PF53V8	GRCh38	NF1	ENST00000358273			chr17	31112716	31112717	-	-	T	Intron	INS	58	58	0.5	True	True	False	Unknown		Unknown																					
BS_P3PF53V8	GRCh38	NF1	ENST00000358273			chr17	31118293	31118293	T	T	-	Intron	DEL	23	63	0.26744186046511625	True	True	False	Unknown		Unknown																					
BS_P3PF53V8	GRCh38	NF1	ENST00000358273			chr17	31124977	31124977	A	A	-	Intron	DEL	34	67	0.33663366336633666	True	True	False	Unknown		Unknown																					
BS_P3PF53V8	GRCh38	NF1	ENST00000358273			chr17	31130978	31130978	C	C	-	Intron	DEL	47	54	0.46534653465346537	True	True	False	Unknown		Unknown																					
BS_P3PF53V8	GRCh38	NF1	ENST00000358273	p.Y628Tfs*3	p.Tyr628ThrfsTer3	chr17	31225126	31225126	T	T	-	Frame_Shift_Del	DEL	34	53	0.39080459770114945	True	True	False	Likely Loss-of-function	31548343;8052307;19573811;26345759;8563751;23913538;7542586;7655472;24576830;10862084;23047742;10543400;12509763;14722914;31591187	Likely Oncogenic	Selumetinib				Trametinib,Cobimetinib			LEVEL_1	LEVEL_1		28029918;32187457;31151904;24576830;26936308;24535670;Romo et al. Abstract# e13562, ASCO 2019(https://ascopubs.org/doi/abs/10.1200/JCO.2019.37.15_suppl.e13562)		CMML,JMML		LEVEL_Dx2	18925961;23832011;14644997;25691160;26457647;9639526					
BS_P3PF53V8	GRCh38	NF1	ENST00000358273			chr17	31234175	31234175	G	G	A	Intron	SNP	28	61	0.3146067415730337	True	True	False	Unknown		Unknown																					
BS_P3PF53V8	GRCh38	NF1	ENST00000358273	p.F1275Pfs*8	p.Phe1275ProfsTer8	chr17	31235720	31235721	CT	CT	-	Frame_Shift_Del	DEL	29	61	0.32222222222222224	True	True	False	Likely Loss-of-function	31548343;8052307;19573811;26345759;8563751;23913538;7542586;7655472;24576830;10862084;23047742;10543400;12509763;14722914;31591187	Likely Oncogenic	Selumetinib				Trametinib,Cobimetinib			LEVEL_1	LEVEL_1		28029918;32187457;31151904;24576830;26936308;24535670;Romo et al. Abstract# e13562, ASCO 2019(https://ascopubs.org/doi/abs/10.1200/JCO.2019.37.15_suppl.e13562)		CMML,JMML		LEVEL_Dx2	18925961;23832011;14644997;25691160;26457647;9639526					
BS_P3PF53V8	GRCh38	NF1	ENST00000358273			chr17	31282382	31282383	AA	AA	-	Intron	DEL	33	45	0.4230769230769231	True	True	False	Unknown		Unknown																					
BS_P3PF53V8	GRCh38	NF1	ENST00000358273			chr17	31286530	31286530	A	A	-	Intron	DEL	47	61	0.4351851851851852	True	True	False	Unknown		Unknown																					
BS_P3PF53V8	GRCh38	NF1	ENST00000358273			chr17	31326388	31326388	C	C	T	Intron	SNP	24	62	0.27906976744186046	True	True	False	Unknown		Unknown																					
BS_P3PF53V8	GRCh38	NF1	ENST00000358273			chr17	31367014	31367014	A	A	-	Intron	DEL	31	41	0.4305555555555556	True	True	False	Unknown		Unknown																					
BS_P3PF53V8	GRCh38	NF1	ENST00000358273			chr17	31367337	31367337	G	G	A	Intron	SNP	27	45	0.375	True	True	False	Unknown		Unknown																					
BS_P3PF53V8	GRCh38	NF1	ENST00000488981			chr17	31385211	31385211	G	G	A	3'Flank	SNP	7	40	0.14893617021276595	True	True	False	Unknown		Unknown																					
BS_P3PF53V8	GRCh38	LIG1	ENST00000263274			chr19	48149542	48149542	C	C	T	Intron	SNP	46	33	0.5822784810126582	True	False	False	Unknown		Unknown																					
BS_P3PF53V8	GRCh38	LIG1	ENST00000263274			chr19	48153315	48153315	A	A	-	Intron	DEL	41	35	0.5394736842105263	True	False	False	Unknown		Unknown																					
BS_P3PF53V8	GRCh38	POLD1	ENST00000613923			chr19	50417604	50417604	G	G	A	Intron	SNP	9	62	0.1267605633802817	True	True	False	Unknown		Unknown																					
BS_P3PF53V8	GRCh38	PCNA	ENST00000379160			chr20	5121625	5121625	T	T	-	Intron	DEL	46	44	0.5111111111111111	True	False	False	Unknown		Unknown																					
BS_P3PF53V8	GRCh38	ATRX	ENST00000373344			chrX	77528871	77528871	A	A	-	Intron	DEL	29	71	0.29	True	True	False	Unknown		Unknown																					
BS_P3PF53V8	GRCh38	ATRX	ENST00000373344			chrX	77535018	77535018	A	A	-	Intron	DEL	17	81	0.17346938775510204	True	True	False	Unknown		Unknown																					
BS_P3PF53V8	GRCh38	ATRX	ENST00000373344			chrX	77598254	77598256	GAG	GAG	-	Intron	DEL	45	46	0.4945054945054945	True	True	False	Unknown		Unknown																					
BS_P3PF53V8	GRCh38	ATRX	ENST00000373344			chrX	77613261	77613261	T	T	-	Intron	DEL	31	69	0.31	True	True	False	Unknown		Unknown																					
BS_P3PF53V8	GRCh38	ATRX	ENST00000373344			chrX	77650751	77650752	-	-	T	Intron	INS	33	54	0.3793103448275862	True	True	False	Unknown		Unknown																					
BS_P3PF53V8	GRCh38	ATRX	ENST00000373344			chrX	77651619	77651619	A	A	G	Intron	SNP	49	58	0.45794392523364486	True	True	False	Unknown		Unknown																					
BS_P3PF53V8	GRCh38	ATRX	ENST00000373344			chrX	77658210	77658211	-	-	A	Intron	INS	31	51	0.3780487804878049	True	True	False	Unknown		Unknown																					
BS_P3PF53V8	GRCh38	ATRX	ENST00000373344			chrX	77666859	77666860	-	-	AA	Intron	INS	35	49	0.4166666666666667	True	True	False	Unknown		Unknown																					
BS_P3PF53V8	GRCh38	ATRX	ENST00000373344	p.Q883Rfs*21	p.Gln883ArgfsTer21	chrX	77682605	77682608	TCTT	TCTT	-	Frame_Shift_Del	DEL	48	42	0.5333333333333333	True	True	False	Likely Loss-of-function	21719641;8968741;24148618;15591283;14592816;18409179;17609377	Likely Oncogenic																					
BS_P3PF53V8	GRCh38	ATRX	ENST00000373344			chrX	77702730	77702731	-	-	T	Intron	INS	42	42	0.5	True	True	False	Unknown		Unknown																					
BS_P3PF53V8	GRCh38	ATRX	ENST00000373344			chrX	77724382	77724382	A	A	-	Intron	DEL	31	60	0.34065934065934067	True	True	False	Unknown		Unknown																					
BS_P3PF53V8	GRCh38	ATRX	ENST00000373344			chrX	77739023	77739023	G	G	-	Intron	DEL	6	96	0.058823529411764705	True	True	False	Unknown		Unknown																					
BS_P3PF53V8	GRCh38	ATRX	ENST00000373344			chrX	77740082	77740082	T	T	A	Intron	SNP	20	82	0.19607843137254902	True	True	False	Unknown		Unknown																					
BS_P3PF53V8	GRCh38	ATRX	ENST00000373344			chrX	77740082	77740083	-	-	A	Intron	INS	18	51	0.2608695652173913	True	True	False	Unknown		Unknown																					
BS_P3PF53V8	GRCh38	ATRX	ENST00000373344			chrX	77762165	77762165	G	G	A	Intron	SNP	40	59	0.40404040404040403	True	True	False	Unknown		Unknown																					
BS_P3PF53V8	GRCh38	ATRX	ENST00000373344			chrX	77762725	77762726	-	-	A	Intron	INS	37	59	0.3854166666666667	True	True	False	Unknown		Unknown																					
BS_P3PF53V8	GRCh38	ATRX	ENST00000373344			chrX	77772468	77772469	AA	AA	-	Intron	DEL	16	21	0.43243243243243246	True	True	False	Unknown		Unknown																					
BS_R1G6SG0K	GRCh38	MSH2	ENST00000233146			chr2	47460843	47460843	T	T	-	Intron	DEL	13	73	0.1511627906976744	True	True	False	Unknown		Unknown																					
BS_R1G6SG0K	GRCh38	RPA3	ENST00000223129			chr7	7673710	7673711	CC	CC	TT	Intron	DNP	5	76	0.06172839506172839	True	False	False	Unknown		Unknown																					
BS_R1G6SG0K	GRCh38	TP53	ENST00000269305	p.C135F	p.Cys135Phe	chr17	7675208	7675208	C	C	A	Missense_Mutation	SNP	43	49	0.4673913043478261	True	True	True	Likely Loss-of-function	22847613	Likely Oncogenic																	AMLMRC,AML,TMN,CLLSLL,MDS,ET,MPN,PMF		MCL	LEVEL_Px1	25412851;25860933;22186996;18596741;25412846;25952993;23243274;24004666;20697090;19188171;24652989;21714648;25092778;24220272;24478400;29296692;22887079;25516983;22052707;8639789;7579380;28819011;24684350;26022239
BS_R1G6SG0K	GRCh38	TP53	ENST00000269305	p.S94*	p.Ser94Ter	chr17	7676088	7676088	G	G	T	Nonsense_Mutation	SNP	42	63	0.4	True	True	False	Likely Loss-of-function	19336573;27759562;16007150;11753428;11900253;21467160	Likely Oncogenic																	AMLMRC,AML,TMN,CLLSLL,MDS,ET,MPN,PMF		MCL	LEVEL_Px1	25412851;25860933;22186996;18596741;25412846;25952993;23243274;24004666;20697090;19188171;24652989;21714648;25092778;24220272;24478400;29296692;22887079;25516983;22052707;8639789;7579380;28819011;24684350;26022239
BS_928HWFFM	GRCh38	H3F3A	ENST00000366813	p.G35R	p.Gly35Arg	chr1	226064454	226064454	G	G	A	Missense_Mutation	SNP	22	80	0.21568627450980393	True	True	True	Likely Gain-of-function	22286061;26619011;21685365;23079654	Likely Oncogenic																					
BS_928HWFFM	GRCh38	MSH2	ENST00000644092			chr2	47608987	47608990	TCTT	TCTT	-	Intron	DEL	50	50	0.5	True	True	False	Unknown		Unknown																					
BS_928HWFFM	GRCh38	MSH3	ENST00000265081			chr5	80756384	80756386	CTC	CTC	-	Intron	DEL	53	62	0.4608695652173913	True	True	False	Unknown		Unknown																					
BS_928HWFFM	GRCh38	RFC2	ENST00000055077			chr7	74235042	74235042	T	T	-	Intron	DEL	15	92	0.14018691588785046	True	False	False	Unknown		Unknown																					
BS_928HWFFM	GRCh38	ATRX	ENST00000373344	p.H2254R	p.His2254Arg	chrX	77523340	77523340	T	T	C	Missense_Mutation	SNP	30	53	0.3614457831325301	True	True	False	Unknown		Unknown																					
BS_KXGJ1HMG	GRCh38	TP53	ENST00000269305			chr17	7684680	7684680	T	T	-	Intron	DEL	8	61	0.11594202898550725	True	True	False	Unknown		Unknown																					
BS_NJFK43N3	GRCh38	ATRX	ENST00000373344			chrX	77644719	77644720	-	-	A	Intron	INS	6	28	0.17647058823529413	True	True	False	Unknown		Unknown																					
BS_DH86PF5A	GRCh38	H3F3A	ENST00000366813	p.K28M	p.Lys28Met	chr1	226064434	226064434	A	A	T	Missense_Mutation	SNP	72	39	0.6486486486486487	True	True	True	Likely Gain-of-function	22286061;26619011;21685365	Likely Oncogenic																					
BS_DH86PF5A	GRCh38	NF1	ENST00000358273			chr17	31322304	31322304	A	A	G	Intron	SNP	11	76	0.12643678160919541	True	True	False	Unknown		Unknown																					
BS_DH86PF5A	GRCh38	ATRX	ENST00000373344			chrX	77676684	77676684	A	A	T	Intron	SNP	4	66	0.05714285714285714	True	True	False	Unknown		Unknown																					
BS_DH86PF5A	GRCh38	ATRX	ENST00000373344			chrX	77709830	77709830	A	A	C	Intron	SNP	5	58	0.07936507936507936	True	True	False	Unknown		Unknown																					
BS_H0638GZT	GRCh38	H3F3A	ENST00000366813	p.K28M	p.Lys28Met	chr1	226064434	226064434	A	A	T	Missense_Mutation	SNP	26	40	0.3939393939393939	True	True	True	Likely Gain-of-function	22286061;26619011;21685365	Likely Oncogenic																					
BS_H0638GZT	GRCh38	NF1	ENST00000358273	p.Y2285Tfs*5	p.Tyr2285ThrfsTer5	chr17	31338734	31338737	ACTT	ACTT	-	Frame_Shift_Del	DEL	46	41	0.5287356321839081	True	True	False	Likely Loss-of-function	31548343;8052307;19573811;26345759;8563751;23913538;7542586;7655472;24576830;10862084;23047742;10543400;12509763;14722914;31591187	Likely Oncogenic	Selumetinib				Trametinib,Cobimetinib			LEVEL_1	LEVEL_1		28029918;32187457;31151904;24576830;26936308;24535670;Romo et al. Abstract# e13562, ASCO 2019(https://ascopubs.org/doi/abs/10.1200/JCO.2019.37.15_suppl.e13562)		CMML,JMML		LEVEL_Dx2	18925961;23832011;14644997;25691160;26457647;9639526					
BS_8FSJDG2T	GRCh38	MSH2	ENST00000233146			chr2	47431334	47431335	AA	AA	TT	Intron	DNP	26	79	0.24761904761904763	True	True	False	Unknown		Unknown																					
BS_8FSJDG2T	GRCh38	MSH2	ENST00000644092			chr2	47590513	47590513	A	A	C	Intron	SNP	13	96	0.11926605504587157	True	True	False	Unknown		Unknown																					
BS_8FSJDG2T	GRCh38	MSH6	ENST00000606499			chr2	47768469	47768469	A	A	G	Intron	SNP	11	84	0.11578947368421053	True	True	False	Unknown		Unknown																					
BS_8FSJDG2T	GRCh38	TERT	ENST00000310581	p.R858Q	p.Arg858Gln	chr5	1268529	1268529	C	C	T	Missense_Mutation	SNP	34	49	0.40963855421686746	True	True	False	Unknown		Unknown																					
BS_8FSJDG2T	GRCh38	TP53	ENST00000269305	p.R282W	p.Arg282Trp	chr17	7673776	7673776	G	G	A	Missense_Mutation	SNP	26	43	0.37681159420289856	True	True	True	Likely Loss-of-function	21445056	Likely Oncogenic																	AMLMRC,AML,TMN,CLLSLL,MDS,ET,MPN,PMF		MCL	LEVEL_Px1	25412851;25860933;22186996;18596741;25412846;25952993;23243274;24004666;20697090;19188171;24652989;21714648;25092778;24220272;24478400;29296692;22887079;25516983;22052707;8639789;7579380;28819011;24684350;26022239
BS_BFDEZK1C	GRCh38	RPA2	ENST00000373909			chr1	27916595	27916596	TT	TT	-	5'Flank	DEL	6	31	0.16216216216216217	True	False	False	Unknown		Unknown																					
BS_BFDEZK1C	GRCh38	H3F3A	ENST00000366813	p.K28M	p.Lys28Met	chr1	226064434	226064434	A	A	T	Missense_Mutation	SNP	60	49	0.5504587155963303	True	True	True	Likely Gain-of-function	22286061;26619011;21685365	Likely Oncogenic																					
BS_BFDEZK1C	GRCh38	TERT	ENST00000310581			chr5	1295113	1295113	G	G	A	5'Flank	SNP	12	52	0.1875	True	True	True	Gain-of-function	24657534;25048572;23530248;23348506;23348503;23887589	Oncogenic																					
BS_BFDEZK1C	GRCh38	NF1	ENST00000358273			chr17	31375028	31375028	A	A	T	3'UTR	SNP	26	84	0.23636363636363636	True	True	False	Unknown		Unknown																					
BS_BFDEZK1C	GRCh38	ATRX	ENST00000373344			chrX	77663994	77663994	G	G	C	Intron	SNP	16	50	0.24242424242424243	True	True	False	Unknown		Unknown																					
BS_TRGECFNP	GRCh38	H3F3A	ENST00000366813	p.K28M	p.Lys28Met	chr1	226064434	226064434	A	A	T	Missense_Mutation	SNP	26	30	0.4642857142857143	True	True	True	Likely Gain-of-function	22286061;26619011;21685365	Likely Oncogenic																					
BS_TRGECFNP	GRCh38	ATRX	ENST00000373344	p.I1756S	p.Ile1756Ser	chrX	77620400	77620400	A	A	C	Missense_Mutation	SNP	33	29	0.532258064516129	True	True	False	Unknown		Unknown																					
BS_TRGECFNP	GRCh38	ATRX	ENST00000373344			chrX	77643930	77643930	A	A	-	Intron	DEL	7	50	0.12280701754385964	True	True	False	Unknown		Unknown																					
BS_KSHETTQC	GRCh38	MLH1	ENST00000231790			chr3	37042974	37042975	-	-	T	Intron	INS	16	114	0.12307692307692308	True	True	False	Unknown		Unknown																					
BS_MSB1RDAJ	GRCh38	RPA2	ENST00000373909			chr1	27916073	27916073	G	G	T	5'Flank	SNP	18	35	0.33962264150943394	True	False	False	Unknown		Unknown																					
BS_MSB1RDAJ	GRCh38	TERT	ENST00000310581			chr5	1295113	1295113	G	G	A	5'Flank	SNP	15	22	0.40540540540540543	True	True	True	Gain-of-function	24657534;25048572;23530248;23348506;23348503;23887589	Oncogenic																					
BS_MSB1RDAJ	GRCh38	POLD3	ENST00000528481			chr11	74577746	74577747	AC	AC	-	Intron	DEL	6	80	0.06976744186046512	True	False	False	Unknown		Unknown																					
BS_S791VC80	GRCh38	EXO1	ENST00000366548			chr1	241850067	241850067	T	T	C	Intron	SNP	7	88	0.07368421052631578	True	False	False	Unknown		Unknown																					
BS_S791VC80	GRCh38	MSH2	ENST00000233146			chr2	47455691	47455691	A	A	G	Intron	SNP	16	87	0.1553398058252427	True	True	False	Unknown		Unknown																					
BS_S791VC80	GRCh38	MSH2	ENST00000406134			chr2	47503282	47503282	C	C	T	Intron	SNP	8	110	0.06779661016949153	True	True	False	Unknown		Unknown																					
BS_S791VC80	GRCh38	MSH3	ENST00000265081			chr5	80708842	80708842	T	T	G	Intron	SNP	8	59	0.11940298507462686	True	True	False	Unknown		Unknown																					
BS_S791VC80	GRCh38	RFC3	ENST00000434425			chr13	33901051	33901051	T	T	C	Intron	SNP	9	47	0.16071428571428573	True	False	False	Unknown		Unknown																					
BS_S791VC80	GRCh38	NF1	ENST00000358273	p.Q1399Sfs*4	p.Gln1399SerfsTer4	chr17	31258363	31258372	CTCAGAACAG	CTCAGAACAG	-	Frame_Shift_Del	DEL	33	17	0.66	True	True	False	Likely Loss-of-function	31548343;8052307;19573811;26345759;8563751;23913538;7542586;7655472;24576830;10862084;23047742;10543400;12509763;14722914;31591187	Likely Oncogenic	Selumetinib				Trametinib,Cobimetinib			LEVEL_1	LEVEL_1		28029918;32187457;31151904;24576830;26936308;24535670;Romo et al. Abstract# e13562, ASCO 2019(https://ascopubs.org/doi/abs/10.1200/JCO.2019.37.15_suppl.e13562)		CMML,JMML		LEVEL_Dx2	18925961;23832011;14644997;25691160;26457647;9639526					
BS_S791VC80	GRCh38	NF1	ENST00000358273			chr17	31272719	31272719	A	A	G	Intron	SNP	11	51	0.1774193548387097	True	True	False	Unknown		Unknown																					
BS_S791VC80	GRCh38	ATRX	ENST00000373344			chrX	77539560	77539561	-	-	A	Intron	INS	7	21	0.25	True	True	False	Unknown		Unknown																					
BS_EPM623G4	GRCh38	H3F3A	ENST00000366813	p.G35R	p.Gly35Arg	chr1	226064454	226064454	G	G	A	Missense_Mutation	SNP	42	48	0.4666666666666667	True	True	True	Likely Gain-of-function	22286061;26619011;21685365;23079654	Likely Oncogenic																					
BS_EPM623G4	GRCh38	EXO1	ENST00000366548			chr1	241892503	241892503	C	C	-	3'Flank	DEL	5	47	0.09615384615384616	True	False	False	Unknown		Unknown																					
BS_EPM623G4	GRCh38	MSH2	ENST00000644092			chr2	47590923	47590923	G	G	A	Intron	SNP	48	47	0.5052631578947369	True	True	False	Unknown		Unknown																					
BS_EPM623G4	GRCh38	MSH3	ENST00000265081			chr5	80692739	80692739	C	C	T	Intron	SNP	71	74	0.4896551724137931	True	True	False	Unknown		Unknown																					
BS_EPM623G4	GRCh38	RFC3	ENST00000434425			chr13	33901789	33901789	C	C	T	Intron	SNP	56	62	0.4745762711864407	True	False	False	Unknown		Unknown																					
BS_EPM623G4	GRCh38	TP53	ENST00000269305	p.Q192*	p.Gln192Ter	chr17	7674957	7674957	G	G	A	Nonsense_Mutation	SNP	91	2	0.978494623655914	True	True	False	Likely Loss-of-function	19336573;27759562;16007150;11753428;11900253;21467160	Likely Oncogenic																	AMLMRC,AML,TMN,CLLSLL,MDS,ET,MPN,PMF		MCL	LEVEL_Px1	25412851;25860933;22186996;18596741;25412846;25952993;23243274;24004666;20697090;19188171;24652989;21714648;25092778;24220272;24478400;29296692;22887079;25516983;22052707;8639789;7579380;28819011;24684350;26022239
BS_EPM623G4	GRCh38	ATRX	ENST00000373344			chrX	77599405	77599408	ACTC	ACTC	-	Splice_Region	DEL	45	0	1	True	True	False	Likely Loss-of-function	21719641;8968741;24148618;15591283;14592816;18409179;17609377	Likely Oncogenic																					
BS_EPM623G4	GRCh38	ATRX	ENST00000373344			chrX	77765539	77765539	G	G	A	Intron	SNP	15	37	0.28846153846153844	True	True	False	Unknown		Unknown																					
BS_230S192D	GRCh38	H3F3A	ENST00000366813	p.K28M	p.Lys28Met	chr1	226064434	226064434	A	A	T	Missense_Mutation	SNP	75	54	0.5813953488372093	True	True	True	Likely Gain-of-function	22286061;26619011;21685365	Likely Oncogenic																					
BS_230S192D	GRCh38	RFC3	ENST00000434425			chr13	33875262	33875262	A	A	G	Intron	SNP	9	97	0.08490566037735849	True	False	False	Unknown		Unknown																					
BS_230S192D	GRCh38	NF1	ENST00000358273	p.T467Hfs*6	p.Thr467HisfsTer6	chr17	31214453	31214453	T	T	-	Frame_Shift_Del	DEL	56	71	0.4409448818897638	True	True	False	Likely Loss-of-function	31548343;8052307;19573811;26345759;8563751;23913538;7542586;7655472;24576830;10862084;23047742;10543400;12509763;14722914;31591187	Likely Oncogenic	Selumetinib				Trametinib,Cobimetinib			LEVEL_1	LEVEL_1		28029918;32187457;31151904;24576830;26936308;24535670;Romo et al. Abstract# e13562, ASCO 2019(https://ascopubs.org/doi/abs/10.1200/JCO.2019.37.15_suppl.e13562)		CMML,JMML		LEVEL_Dx2	18925961;23832011;14644997;25691160;26457647;9639526					
BS_230S192D	GRCh38	NF1	ENST00000358273	p.Q1822*	p.Gln1822Ter	chr17	31327694	31327694	C	C	T	Nonsense_Mutation	SNP	32	51	0.3855421686746988	True	True	False	Likely Loss-of-function	31548343;8052307;19573811;26345759;8563751;23913538;7542586;7655472;24576830;10862084;23047742;10543400;12509763;14722914;31591187	Likely Oncogenic	Selumetinib				Trametinib,Cobimetinib			LEVEL_1	LEVEL_1		28029918;32187457;31151904;24576830;26936308;24535670;Romo et al. Abstract# e13562, ASCO 2019(https://ascopubs.org/doi/abs/10.1200/JCO.2019.37.15_suppl.e13562)		CMML,JMML		LEVEL_Dx2	18925961;23832011;14644997;25691160;26457647;9639526					
BS_230S192D	GRCh38	ATRX	ENST00000373344			chrX	77672562	77672562	C	C	T	Intron	SNP	53	48	0.5247524752475248	True	True	False	Unknown		Unknown																					
BS_230S192D	GRCh38	ATRX	ENST00000373344	p.X199_splice		chrX	77685007	77685007	C	C	T	Splice_Site	SNP	53	65	0.4491525423728814	True	True	False	Likely Loss-of-function	21719641;8968741;24148618;15591283;14592816;18409179;17609377	Likely Oncogenic																					
BS_230S192D	GRCh38	ATRX	ENST00000373344			chrX	77759358	77759359	-	-	A	Intron	INS	39	52	0.42857142857142855	True	True	False	Unknown		Unknown																					
BS_23ZE42Q3	GRCh38	H3F3A	ENST00000366813	p.K28M	p.Lys28Met	chr1	226064434	226064434	A	A	T	Missense_Mutation	SNP	66	41	0.616822429906542	True	True	True	Likely Gain-of-function	22286061;26619011;21685365	Likely Oncogenic																					
BS_23ZE42Q3	GRCh38	EXO1	ENST00000366548			chr1	241889844	241889844	T	T	G	3'UTR	SNP	7	137	0.04861111111111111	True	False	False	Unknown		Unknown																					
BS_23ZE42Q3	GRCh38	TP53	ENST00000269305	p.I255F	p.Ile255Phe	chr17	7674200	7674200	T	T	A	Missense_Mutation	SNP	75	13	0.8522727272727273	True	True	True	Likely Loss-of-function	25408419	Likely Oncogenic																	AMLMRC,AML,TMN,CLLSLL,MDS,ET,MPN,PMF		MCL	LEVEL_Px1	25412851;25860933;22186996;18596741;25412846;25952993;23243274;24004666;20697090;19188171;24652989;21714648;25092778;24220272;24478400;29296692;22887079;25516983;22052707;8639789;7579380;28819011;24684350;26022239
BS_23ZE42Q3	GRCh38	NF1	ENST00000358273			chr17	31208132	31208132	T	T	A	Intron	SNP	43	48	0.4725274725274725	True	True	False	Unknown		Unknown																					
BS_23ZE42Q3	GRCh38	ATRX	ENST00000373344			chrX	77754665	77754665	C	C	T	Intron	SNP	8	35	0.18604651162790697	True	True	False	Unknown		Unknown																					
BS_7PF3C1P7	GRCh38	H3F3A	ENST00000366813	p.K28M	p.Lys28Met	chr1	226064434	226064434	A	A	T	Missense_Mutation	SNP	29	43	0.4027777777777778	True	True	True	Likely Gain-of-function	22286061;26619011;21685365	Likely Oncogenic																					
BS_7PF3C1P7	GRCh38	EXO1	ENST00000366548			chr1	241864936	241864936	T	T	G	Intron	SNP	19	41	0.31666666666666665	True	False	False	Unknown		Unknown																					
BS_7PF3C1P7	GRCh38	MSH3	ENST00000265081			chr5	80821091	80821091	A	A	G	Intron	SNP	6	106	0.05357142857142857	True	True	False	Unknown		Unknown																					
BS_7PF3C1P7	GRCh38	TP53	ENST00000269305	p.V157L	p.Val157Leu	chr17	7675143	7675143	C	C	G	Missense_Mutation	SNP	40	52	0.43478260869565216	True	True	True	Likely Loss-of-function	16778209;15037740;21561095	Likely Oncogenic																	AMLMRC,AML,TMN,CLLSLL,MDS,ET,MPN,PMF		MCL	LEVEL_Px1	25412851;25860933;22186996;18596741;25412846;25952993;23243274;24004666;20697090;19188171;24652989;21714648;25092778;24220272;24478400;29296692;22887079;25516983;22052707;8639789;7579380;28819011;24684350;26022239
BS_7PF3C1P7	GRCh38	TP53	ENST00000269305	p.S37Y	p.Ser37Tyr	chr17	7676259	7676259	G	G	T	Missense_Mutation	SNP	40	59	0.40404040404040403	True	True	False	Unknown		Unknown																					
BS_7PF3C1P7	GRCh38	TP53	ENST00000269305			chr17	7676629	7676629	G	G	C	Splice_Region	SNP	33	53	0.38372093023255816	True	True	False	Likely Loss-of-function	19336573;27759562;16007150;11753428;11900253;21467160	Likely Oncogenic																	AMLMRC,AML,TMN,CLLSLL,MDS,ET,MPN,PMF		MCL	LEVEL_Px1	25412851;25860933;22186996;18596741;25412846;25952993;23243274;24004666;20697090;19188171;24652989;21714648;25092778;24220272;24478400;29296692;22887079;25516983;22052707;8639789;7579380;28819011;24684350;26022239
BS_7PF3C1P7	GRCh38	TP53	ENST00000269305			chr17	7676986	7676986	G	G	C	Intron	SNP	24	53	0.3116883116883117	True	True	False	Unknown		Unknown																					
BS_7PF3C1P7	GRCh38	TP53	ENST00000269305			chr17	7677664	7677664	G	G	T	Intron	SNP	34	72	0.32075471698113206	True	True	False	Unknown		Unknown																					
BS_7PF3C1P7	GRCh38	TP53	ENST00000269305			chr17	7677839	7677839	G	G	C	Intron	SNP	34	54	0.38636363636363635	True	True	False	Unknown		Unknown																					
BS_7PF3C1P7	GRCh38	TP53	ENST00000269305			chr17	7677874	7677874	G	G	T	Intron	SNP	34	58	0.3695652173913043	True	True	False	Unknown		Unknown																					
BS_MW63FCZC	GRCh38	EXO1	ENST00000366548			chr1	241863422	241863423	AC	AC	CA	Intron	DNP	9	71	0.1125	True	False	False	Unknown		Unknown																					
BS_MW63FCZC	GRCh38	RFC3	ENST00000434425			chr13	33930906	33930906	C	C	T	Intron	SNP	8	110	0.06779661016949153	True	False	False	Unknown		Unknown																					
BS_MW63FCZC	GRCh38	RFC3	ENST00000434425			chr13	33934043	33934043	A	A	T	Intron	SNP	6	79	0.07058823529411765	True	False	False	Unknown		Unknown																					
BS_AFAHY6HP	GRCh38	HIST1H3B	ENST00000621411	p.K28M	p.Lys28Met	chr6	26031978	26031978	T	T	A	Missense_Mutation	SNP	27	9	0.75	True	True	True	Unknown		Likely Oncogenic																					
BS_AFAHY6HP	GRCh38	POLD3	ENST00000528481			chr11	74527829	74527830	TA	TA	CG	Intron	DNP	5	27	0.15625	True	False	False	Unknown		Unknown																					
BS_AFAHY6HP	GRCh38	TP53	ENST00000269305	p.T125R	p.Thr125Arg	chr17	7675995	7675995	G	G	C	Missense_Mutation	SNP	31	5	0.8611111111111112	True	True	False	Likely Loss-of-function	8023157;11900253	Likely Oncogenic																	AMLMRC,AML,TMN,CLLSLL,MDS,ET,MPN,PMF		MCL	LEVEL_Px1	25412851;25860933;22186996;18596741;25412846;25952993;23243274;24004666;20697090;19188171;24652989;21714648;25092778;24220272;24478400;29296692;22887079;25516983;22052707;8639789;7579380;28819011;24684350;26022239
BS_STNH7YSX	GRCh38	H3F3A	ENST00000366813	p.G35R	p.Gly35Arg	chr1	226064454	226064454	G	G	C	Missense_Mutation	SNP	47	35	0.573170731707317	True	True	True	Likely Gain-of-function	22286061;26619011;21685365;23079654	Likely Oncogenic																					
BS_STNH7YSX	GRCh38	MSH2	ENST00000644092			chr2	47577895	47577895	T	T	C	Intron	SNP	28	115	0.1958041958041958	True	True	False	Unknown		Unknown																					
BS_STNH7YSX	GRCh38	TP53	ENST00000269305	p.C238W	p.Cys238Trp	chr17	7674249	7674249	A	A	C	Missense_Mutation	SNP	36	44	0.45	True	True	True	Likely Loss-of-function	19681600	Likely Oncogenic																	AMLMRC,AML,TMN,CLLSLL,MDS,ET,MPN,PMF		MCL	LEVEL_Px1	25412851;25860933;22186996;18596741;25412846;25952993;23243274;24004666;20697090;19188171;24652989;21714648;25092778;24220272;24478400;29296692;22887079;25516983;22052707;8639789;7579380;28819011;24684350;26022239
BS_STNH7YSX	GRCh38	TP53	ENST00000269305	p.P152L	p.Pro152Leu	chr17	7675157	7675157	G	G	A	Missense_Mutation	SNP	41	49	0.45555555555555555	True	True	True	Likely Loss-of-function	25584008;10229196	Likely Oncogenic																	AMLMRC,AML,TMN,CLLSLL,MDS,ET,MPN,PMF		MCL	LEVEL_Px1	25412851;25860933;22186996;18596741;25412846;25952993;23243274;24004666;20697090;19188171;24652989;21714648;25092778;24220272;24478400;29296692;22887079;25516983;22052707;8639789;7579380;28819011;24684350;26022239
BS_RG6JK7ZN	GRCh38	DAXX	ENST00000374542			chr6	33322730	33322730	G	G	T	Intron	SNP	25	36	0.4098360655737705	True	True	False	Unknown		Unknown																					
BS_RG6JK7ZN	GRCh38	TP53	ENST00000269305	p.R342Vfs*10	p.Arg342ValfsTer10	chr17	7670685	7670686	-	-	GAACATCTCGAAGCGCTCAC	Frame_Shift_Ins	INS	69	19	0.7840909090909091	True	True	False	Likely Loss-of-function	19336573;27759562;16007150;11753428;11900253;21467160	Likely Oncogenic																	AMLMRC,AML,TMN,CLLSLL,MDS,ET,MPN,PMF		MCL	LEVEL_Px1	25412851;25860933;22186996;18596741;25412846;25952993;23243274;24004666;20697090;19188171;24652989;21714648;25092778;24220272;24478400;29296692;22887079;25516983;22052707;8639789;7579380;28819011;24684350;26022239
BS_RG6JK7ZN	GRCh38	TP53	ENST00000269305	p.E336Afs*16	p.Glu336AlafsTer16	chr17	7670702	7670703	-	-	CACGAACATCTCGAAGCGCG	Frame_Shift_Ins	INS	3	48	0.058823529411764705	True	True	False	Likely Loss-of-function	19336573;27759562;16007150;11753428;11900253;21467160	Likely Oncogenic																	AMLMRC,AML,TMN,CLLSLL,MDS,ET,MPN,PMF		MCL	LEVEL_Px1	25412851;25860933;22186996;18596741;25412846;25952993;23243274;24004666;20697090;19188171;24652989;21714648;25092778;24220272;24478400;29296692;22887079;25516983;22052707;8639789;7579380;28819011;24684350;26022239
BS_RG6JK7ZN	GRCh38	NF1	ENST00000358273			chr17	31197051	31197052	-	-	T	Intron	INS	13	71	0.15476190476190477	True	True	False	Unknown		Unknown																					
BS_RG6JK7ZN	GRCh38	ATRX	ENST00000373344			chrX	77531923	77531923	C	C	G	Intron	SNP	30	88	0.2542372881355932	True	True	False	Unknown		Unknown																					
BS_RG6JK7ZN	GRCh38	ATRX	ENST00000373344	p.X1520_splice		chrX	77636058	77636058	T	T	A	Splice_Site	SNP	47	104	0.31125827814569534	True	True	False	Likely Loss-of-function	21719641;8968741;24148618;15591283;14592816;18409179;17609377	Likely Oncogenic																					
BS_RG6JK7ZN	GRCh38	ATRX	ENST00000373344			chrX	77717076	77717077	-	-	A	Intron	INS	61	53	0.5350877192982456	True	True	False	Unknown		Unknown																					
BS_C19DFVR5	GRCh38	H3F3A	ENST00000366813	p.K28M	p.Lys28Met	chr1	226064434	226064434	A	A	T	Missense_Mutation	SNP	33	62	0.3473684210526316	True	True	True	Likely Gain-of-function	22286061;26619011;21685365	Likely Oncogenic																					
BS_C19DFVR5	GRCh38	RFC1	ENST00000381897			chr4	39326911	39326911	T	T	C	Intron	SNP	17	88	0.1619047619047619	True	False	False	Unknown		Unknown																					
BS_C19DFVR5	GRCh38	TP53	ENST00000269305	p.R282W	p.Arg282Trp	chr17	7673776	7673776	G	G	A	Missense_Mutation	SNP	77	18	0.8105263157894737	True	True	True	Likely Loss-of-function	21445056	Likely Oncogenic																	AMLMRC,AML,TMN,CLLSLL,MDS,ET,MPN,PMF		MCL	LEVEL_Px1	25412851;25860933;22186996;18596741;25412846;25952993;23243274;24004666;20697090;19188171;24652989;21714648;25092778;24220272;24478400;29296692;22887079;25516983;22052707;8639789;7579380;28819011;24684350;26022239
BS_C19DFVR5	GRCh38	NF1	ENST00000358273	p.Y1948*	p.Tyr1948Ter	chr17	31334869	31334869	C	C	A	Nonsense_Mutation	SNP	29	66	0.30526315789473685	True	True	False	Likely Loss-of-function	31548343;8052307;19573811;26345759;8563751;23913538;7542586;7655472;24576830;10862084;23047742;10543400;12509763;14722914;31591187	Likely Oncogenic	Selumetinib				Trametinib,Cobimetinib			LEVEL_1	LEVEL_1		28029918;32187457;31151904;24576830;26936308;24535670;Romo et al. Abstract# e13562, ASCO 2019(https://ascopubs.org/doi/abs/10.1200/JCO.2019.37.15_suppl.e13562)		CMML,JMML		LEVEL_Dx2	18925961;23832011;14644997;25691160;26457647;9639526					
BS_C19DFVR5	GRCh38	ATRX	ENST00000373344	p.G1964Efs*18	p.Gly1964GlufsTer18	chrX	77599476	77599476	C	C	-	Frame_Shift_Del	DEL	33	63	0.34375	True	True	False	Likely Loss-of-function	21719641;8968741;24148618;15591283;14592816;18409179;17609377	Likely Oncogenic																					
BS_C19DFVR5	GRCh38	ATRX	ENST00000373344			chrX	77750298	77750298	C	C	A	Intron	SNP	15	81	0.15625	True	True	False	Unknown		Unknown																					
